20060430,Groenemeijer,5458,52,30,5912,1,1,396,157,121,553,0,0,0,0,0,0,0,0,0,0,0,0,0,0
20060501,Groenemeijer,5610,96,75,-9999,-9999,-9999,282,75,73,-9999,-9999,-9999,0,0,0,-9999,-9999,-9999,0,0,0,-9999,-9999,-9999
20060502,VAN DER VELDE,5292,82,65,5777,0,0,402,273,250,674,1,1,1,13,13,14,0,0,0,0,0,0,0,0
20060503,TUSCHY,5106,54,47,5563,0,0,659,219,205,878,0,0,16,9,8,25,0,0,0,0,0,0,0,0
20060504,Groenemeijer/Gatzen,5021,87,66,-9999,-9999,-9999,714,129,111,-9999,-9999,-9999,58,54,50,-9999,-9999,-9999,0,0,0,-9999,-9999,-9999
20060505,TUSCHY,5355,86,63,5843,1,1,475,147,139,622,0,0,0,0,0,0,0,0,0,0,0,0,0,0
20060506,dahl,5377,151,134,5928,3,3,318,217,211,535,0,0,0,0,0,0,0,0,0,0,0,0,0,0
20060507,dahl,4746,66,42,5215,0,0,880,294,267,1174,0,0,8,69,68,77,0,0,0,0,0,0,0,0
20060508,Groenemeijer,4298,91,75,-9999,-9999,-9999,1233,311,287,-9999,-9999,-9999,67,63,60,-9999,-9999,-9999,0,0,0,-9999,-9999,-9999
20060509,VAN DER VELDE,4765,38,29,5194,2,2,700,362,337,1072,0,0,101,97,94,197,1,1,0,0,0,0,0,0
20060510,dahl,4498,119,105,5015,0,0,989,457,412,1448,3,4,0,0,0,0,0,0,0,0,0,0,0,0
20060511,Gatzen/Groenemeijer,4695,223,185,5319,2,2,827,211,195,1037,1,1,15,92,86,107,0,0,0,0,0,0,0,0
20060512,TUSCHY,4948,242,229,5591,2,2,564,309,304,873,0,0,0,0,0,0,0,0,0,0,0,0,0,0
20060513,dahl,3929,44,31,4374,1,1,1509,436,408,1943,3,3,138,7,7,145,0,0,0,0,0,0,0,0
20060514,Groenemeijer,4490,68,53,4914,0,0,1141,364,341,1551,1,1,0,0,0,0,0,0,0,0,0,0,0,0
20060515,Groenemeijer,4711,169,123,5271,2,2,744,369,341,1122,1,1,29,41,38,70,0,0,0,0,0,0,0,0
20060516,Tuschy/Groenemeijer,4435,88,60,4926,0,0,903,183,174,1083,3,3,166,236,227,399,3,3,7,45,43,51,1,1
20060517,Gatzen,4822,110,93,5333,2,2,577,264,242,836,5,5,93,140,127,233,0,0,24,33,30,57,0,0
20060518,Gatzen,4348,94,61,4845,0,0,572,125,100,697,0,0,651,273,236,924,0,0,0,0,0,0,0,0
20060519,TUSCHY,4912,131,107,5439,7,8,706,246,223,949,3,3,36,32,31,68,0,0,0,0,0,0,0,0
20060520,dahl,4754,181,160,5322,16,22,755,234,210,970,19,24,56,83,81,135,4,5,0,0,0,0,0,0
20060521,dahl,4143,32,21,4430,0,0,1147,217,167,1510,2,2,386,138,109,521,3,3,0,0,0,0,0,0
20060522,Groenemeijer,4622,171,131,-9999,-9999,-9999,879,193,158,-9999,-9999,-9999,78,120,108,-9999,-9999,-9999,0,0,0,-9999,-9999,-9999
20060524,gatzen,4873,245,187,5513,8,8,489,142,122,630,1,1,115,199,186,313,1,1,0,0,0,0,0,0
20060526,TUSCHY,4737,80,66,5219,1,1,1016,195,182,1209,2,2,17,18,13,35,0,0,0,0,0,0,0,0
20060527,dahl,4536,168,129,5010,0,0,1077,238,194,1411,1,1,15,29,28,44,0,0,0,0,0,0,0,0
20060528,dahl,4476,111,95,4767,0,0,1059,259,237,1541,0,0,46,112,110,155,3,3,0,0,0,0,0,0
20060529,Groenemeijer,4094,91,65,4587,1,2,1420,403,377,1819,4,4,20,35,30,55,0,0,0,0,0,0,0,0
20060530,Groenemeijer,4102,107,75,4595,3,4,1360,259,224,1629,4,4,93,105,104,197,1,1,3,34,34,35,2,2
20060602,TUSCHY,4756,50,43,4987,0,0,782,263,249,1265,2,2,111,59,57,170,0,0,0,42,42,41,1,1
20060603,dahl,4773,72,58,5220,0,0,766,241,234,1033,2,2,69,142,137,209,2,2,0,0,0,0,0,0
20060604,dahl,5024,0,0,5024,0,0,1167,0,0,1151,16,19,275,0,0,274,1,1,0,0,0,0,0,0
20060605,TUSCHY,4284,10,5,4312,1,1,1303,66,55,1410,1,1,276,28,22,354,10,11,96,0,0,376,2,2
20060607,GATZEN,4698,117,83,5217,1,1,950,298,283,1247,1,2,0,0,0,0,0,0,0,0,0,0,0,0
20060608,Gatzen,5010,181,143,5593,1,1,649,223,209,872,0,0,0,0,0,0,0,0,0,0,0,0,0,0
20060609,TUSCHY,3794,52,40,4239,0,0,1767,337,306,2114,0,0,24,89,87,113,0,0,0,0,0,0,0,0
20060610,dahl,4704,54,45,5160,1,1,968,337,322,1302,3,3,0,0,0,0,0,0,0,0,0,0,0,0
20060611,dahl,4514,74,55,4991,0,0,1059,416,388,1474,1,1,0,0,0,0,0,0,0,0,0,0,0,0
20060612,Groenemeijer,4251,159,148,4792,0,0,1152,450,431,1622,1,1,24,27,26,50,1,1,0,0,0,0,0,0
20060613,VAN DER VELDE,4592,161,161,5154,2,2,825,343,343,1166,2,2,50,92,92,142,0,0,0,0,0,0,0,0
20060614,gatzen,3871,208,203,4482,0,0,1430,459,459,1882,7,7,39,56,56,95,0,0,0,0,0,0,0,0
20060615,gatzen,3563,40,39,3799,4,4,1631,460,453,2290,4,5,173,196,195,367,2,2,0,0,0,0,0,0
20060616,TUSCHY,3615,86,81,3819,0,0,1505,420,395,2196,14,18,205,232,226,413,24,34,0,0,0,0,0,0
20060617,TUSCHY,4478,144,130,4978,5,6,763,374,363,1160,19,23,125,179,175,295,9,11,0,0,0,0,0,0
20060618,Gatzen/Dahl,4182,99,83,4682,1,1,1114,403,382,1512,6,6,114,151,146,257,8,9,0,0,0,0,0,0
20060619,VAN DER VELDE,4391,72,47,4864,1,1,809,460,423,1256,14,18,144,187,184,324,7,11,0,0,0,0,0,0
20060620,VAN DER VELDE,3935,71,61,4408,1,1,831,203,179,1033,1,1,607,333,311,930,10,10,71,12,8,82,1,1
20060621,Gatzen/Groenemeijer,3746,34,26,4182,1,1,1637,222,201,1857,2,2,126,219,215,329,16,20,14,65,65,68,11,12
20060622,Gatzen,4458,83,69,4932,0,0,862,275,241,1149,0,0,209,176,171,380,5,7,0,0,0,0,0,0
20060623,TUSCHY,3489,36,29,3916,0,0,1694,386,370,2091,1,1,248,210,203,458,0,0,0,0,0,0,0,0
20060624,Groenemeijer,4093,134,116,4616,0,0,1296,404,390,1714,0,0,38,98,95,135,1,1,0,0,0,0,0,0
20060625,Groenemeijer,4118,79,55,4338,2,3,1166,421,403,1835,12,13,111,124,119,225,10,12,7,37,37,39,5,5
20060626,dahl,3583,45,42,3854,0,0,1743,408,383,2328,0,0,107,177,172,270,14,17,0,0,0,0,0,0
20060627,VAN DER VELDE,4577,58,51,5038,0,0,487,59,56,546,0,0,349,472,463,802,19,30,16,45,45,53,8,9
20060628,Groenemeijer,4280,122,116,4763,1,1,796,306,299,1142,1,1,217,202,197,413,6,9,69,71,68,138,2,3
20060629,Gatzen,4762,148,141,5282,0,0,600,269,253,897,3,3,79,152,147,217,14,22,20,33,30,51,2,2
20060630,TUSCHY,4898,50,37,5271,0,0,711,199,188,985,5,5,62,71,68,132,1,1,10,62,60,72,0,0
20060701,dahl,5069,192,165,5664,0,0,424,159,143,583,0,0,134,85,82,219,0,0,0,0,0,0,0,0
20060702,dahl,3739,39,31,4181,0,0,1716,408,390,2123,1,1,89,72,71,161,0,0,0,0,0,0,0,0
20060703,Groenemeijer,3291,64,50,3732,0,0,2050,542,494,2614,4,4,89,27,23,116,0,0,0,0,0,0,0,0
20060704,VAN DER VELDE,4570,124,114,5094,3,3,722,253,236,973,2,2,154,205,201,357,2,2,2,33,33,30,5,6
20060705,Gatzen,4509,164,146,5024,2,2,736,249,233,1033,2,2,136,269,261,393,12,16,0,0,0,0,0,0
20060706,Gatzen,4431,240,205,5071,3,3,882,382,371,1257,7,7,24,104,102,128,0,0,0,0,0,0,0,0
20060707,TUSCHY,3694,148,133,4027,0,0,1576,385,371,2172,7,7,87,173,165,258,2,2,0,0,0,0,0,0
20060708,dahl,2835,115,100,2955,0,0,2249,524,486,3160,11,11,213,127,124,340,0,0,0,0,0,0,0,0
20060709,TUSCHY,3379,61,48,3439,1,1,1721,674,620,2789,3,3,209,19,18,234,0,0,0,0,0,0,0,0
20060710,Groenemeijer,3728,80,69,3950,4,4,1250,392,377,1880,1,1,280,198,193,492,4,5,32,103,101,132,3,4
20060711,VAN DER VELDE,3969,245,223,4315,4,4,1317,344,321,1886,2,2,126,62,58,257,2,2,0,0,0,0,0,0
20060712,Gatzen,4081,227,205,4709,2,2,1009,530,517,1531,8,8,180,36,34,216,0,0,0,0,0,0,0,0
20060713,gatzen,3664,41,37,4010,0,0,1536,779,749,2408,5,5,36,7,6,43,0,0,0,0,0,0,0,0
20060714,TUSCHY,2807,19,13,3013,1,1,2030,577,547,2820,2,2,481,149,146,626,4,4,0,0,0,0,0,0
20060715,TUSCHY,4091,16,13,4239,2,2,1427,529,504,2224,1,1,0,0,0,0,0,0,0,0,0,0,0,0
20060717,Groenemeijer,5213,173,138,5579,1,1,481,196,179,886,0,0,0,0,0,0,0,0,0,0,0,0,0,0
20060718,VAN DER VELDE,4641,163,139,4806,0,0,782,234,203,1141,0,0,78,133,132,383,0,0,32,0,0,136,0,0
20060719,Gatzen,4771,107,76,5171,1,1,727,365,318,1197,4,5,67,26,21,93,0,0,0,0,0,0,0,0
20060720,dahl,4480,108,77,4991,0,0,1053,177,160,1227,3,4,152,93,83,239,6,7,0,0,0,0,0,0
20060721,TUSCHY,3205,72,70,3571,5,6,2151,447,431,2690,12,12,126,62,62,188,0,0,0,0,0,0,0,0
20060722,dahl,3603,30,23,4036,0,0,1829,516,498,2323,22,25,37,48,48,84,1,1,0,0,0,0,0,0
20060723,dahl,3789,22,12,4213,1,1,1695,500,446,2189,6,6,55,2,2,57,0,0,0,0,0,0,0,0
20060724,Groenemeijer,4059,163,138,4505,2,2,1358,483,451,1957,2,2,0,0,0,0,0,0,0,0,0,0,0,0
20060725,VAN DER VELDE,4208,143,115,4715,3,4,1221,491,455,1740,8,8,0,0,0,0,0,0,0,0,0,0,0,0
20060726,Groenemeijer,3618,64,58,3989,0,0,1515,417,400,2020,8,10,219,230,222,448,1,1,0,0,0,0,0,0
20060727,Gatzen,3849,110,101,4359,2,2,1140,299,282,1432,8,9,301,364,353,648,17,20,0,0,0,0,0,0
20060728,TUSCHY,3376,66,59,3844,1,2,1666,226,201,1887,5,9,400,329,312,724,5,7,0,0,0,0,0,0
20060729,dahl,4151,35,22,4589,0,0,1162,430,404,1587,5,7,167,118,113,284,1,1,0,0,0,0,0,0
20060730,Groenemeijer,3199,67,55,3669,0,0,2050,542,470,2592,0,0,138,67,61,203,2,2,0,0,0,0,0,0
20060731,dahl,3480,38,31,3921,0,0,1921,582,507,2498,5,5,7,35,35,42,0,0,0,0,0,0,0,0
20060801,VAN DER VELDE,4186,135,113,4724,0,0,1118,421,380,1535,4,4,78,125,118,203,0,0,0,0,0,0,0,0
20060802,Gatzen,4284,207,182,4894,0,0,943,488,450,1422,9,9,82,59,57,140,1,1,0,0,0,0,0,0
20060803,dahl,3948,62,57,4413,0,0,1296,260,244,1547,9,10,202,295,287,493,4,4,0,0,0,0,0,0
20060804,Gatzen,3946,87,77,4302,2,2,1357,325,313,1806,8,10,134,214,212,346,2,2,0,0,0,0,0,0
20060805,dahl,3814,6,3,4137,1,1,1447,348,314,1878,2,3,210,238,233,437,11,13,0,0,0,0,0,0
20060806,dahl,4429,19,11,4848,0,0,969,326,311,1294,4,5,125,195,180,310,10,12,0,0,0,0,0,0
20060807,TUSCHY,3508,60,52,3960,1,1,1886,458,412,2345,9,11,93,58,52,151,0,0,0,0,0,0,0,0
20060808,TUSCHY,3451,23,22,3877,0,0,1832,431,425,2261,2,2,230,96,92,313,13,17,0,0,0,0,0,0
20060810,Gatzen,4408,232,184,4975,1,1,875,192,164,1132,2,2,233,123,102,356,0,0,0,0,0,0,0,0
20060811,Gatzen,4413,66,54,4874,8,8,1252,132,112,1363,21,30,195,5,2,200,0,0,0,0,0,0,0,0
20060812,TUSCHY,3519,47,34,3968,1,1,1851,478,437,2319,10,11,53,115,107,167,1,1,0,0,0,0,0,0
20060813,dahl,3946,69,57,4382,0,0,1319,256,242,1594,17,19,186,211,204,396,1,3,38,38,38,76,0,0
20060814,VAN DER VELDE,4246,211,186,4858,2,2,1078,281,261,1357,2,2,89,158,148,244,3,3,0,0,0,0,0,0
20060815,VAN DER VELDE,4019,96,96,4462,1,1,1001,391,391,1418,2,2,262,165,165,443,3,3,27,102,102,132,5,5
20060816,Gatzen,3127,48,35,3431,0,0,1924,531,465,2553,15,24,305,128,113,466,1,1,0,0,0,0,0,0
20060817,gatzen,2690,135,126,3020,1,1,2235,399,352,2839,2,3,333,186,179,517,2,2,34,51,51,84,1,1
20060818,TUSCHY,2500,12,11,2733,0,0,2512,571,531,3264,1,1,295,173,160,464,4,6,0,0,0,0,0,0
20060819,dahl,3489,57,40,3566,0,0,1493,460,420,2334,2,3,366,198,188,561,3,3,0,0,0,0,0,0
20060820,dahl,3621,35,32,3947,0,0,1410,548,528,2059,11,13,242,207,204,445,4,6,0,0,0,0,0,0
20060821,TUSCHY,2357,40,32,2794,1,1,2551,526,475,3078,4,4,295,194,182,487,2,2,26,74,71,100,0,0
20060822,VAN DER VELDE,4261,85,74,4749,0,0,1163,409,373,1568,4,5,68,45,41,113,0,0,3,29,28,32,0,0
20060823,gatzen,3650,273,243,4304,0,0,1651,255,231,1908,7,7,195,39,33,247,0,0,0,0,0,0,0,0
20060824,Gatzen,4392,307,249,5102,0,0,890,157,148,1046,1,1,123,194,187,317,0,0,0,0,0,0,0,0
20060825,TUSCHY,2258,51,37,2568,0,0,3106,520,455,3769,1,1,81,47,44,126,2,2,0,0,0,0,0,0
20060826,dahl,2611,64,50,2895,0,0,2612,569,535,3356,8,9,109,98,92,207,0,0,0,0,0,0,0,0
20060827,Groenemeijer,2548,74,74,2911,0,0,2632,746,720,3479,13,13,53,10,10,63,0,0,0,0,0,0,0,0
20060828,dahl,3353,62,58,3720,0,0,1880,550,525,2519,9,13,94,124,123,216,2,2,0,0,0,0,0,0
20060829,VAN DER VELDE,2670,45,34,2782,2,2,2149,419,359,2877,5,5,479,213,169,712,0,0,30,58,49,87,1,1
20060830,Gatzen,4218,165,120,4743,0,0,1159,261,225,1435,4,4,131,129,123,281,3,3,0,0,0,0,0,0
20060831,Gatzen,5248,55,30,5344,1,1,551,26,16,664,0,0,154,29,17,457,0,0,0,0,0,0,0,0
20060901,TUSCHY,4852,73,48,5024,0,0,1042,96,63,1301,1,1,0,0,0,140,0,0,0,0,0,0,0,0
20060902,dahl,4933,161,121,5486,2,2,740,137,102,886,0,0,34,58,49,92,0,0,0,0,0,0,0,0
20060903,Groenemeijer,4656,30,15,4969,0,0,1006,223,192,1347,2,2,31,117,101,147,1,1,0,0,0,0,0,0
20060904,dahl,5024,101,75,5407,2,2,624,128,112,871,0,0,88,98,90,185,1,1,0,0,0,0,0,0
20060905,VAN DER VELDE,4716,39,20,4755,0,0,974,51,38,1385,0,0,126,157,114,326,0,0,0,0,0,0,0,0
20060906,Gatzen,4603,17,7,4971,1,1,1211,154,137,1416,0,0,36,42,38,78,0,0,0,0,0,0,0,0
20060907,Gatzen,4986,162,134,5550,1,1,509,360,348,863,6,7,9,37,37,44,2,7,0,0,0,0,0,0
20060908,TUSCHY,3364,28,21,3795,0,0,1859,257,234,2113,3,4,398,157,149,554,1,1,0,0,0,0,0,0
20060909,TUSCHY,3356,10,8,-9999,-9999,-9999,2435,262,245,-9999,-9999,-9999,0,0,0,-9999,-9999,-9999,0,0,0,-9999,-9999,-9999
20060910,TUSCHY,4762,51,40,5216,0,0,1014,236,217,1250,0,0,0,0,0,0,0,0,0,0,0,0,0,0
20060911,Groenemeijer,4531,49,48,-9999,-9999,-9999,1122,361,352,-9999,-9999,-9999,0,0,0,-9999,-9999,-9999,0,0,0,-9999,-9999,-9999
20060912,TUSCHY,3728,4,2,4135,0,0,1843,266,254,2108,1,1,73,149,147,222,0,0,0,0,0,0,0,0
20060913,Gatzen,4801,72,65,5276,0,0,483,157,149,640,0,0,345,205,199,548,2,5,0,0,0,0,0,0
20060914,Gatzen,4849,98,88,5349,1,1,307,36,33,343,0,0,392,381,349,770,3,3,0,0,0,0,0,0
20060915,TUSCHY,4184,2,1,4574,0,0,1182,61,58,1258,0,0,178,261,254,438,1,1,52,143,139,195,0,0
20060916,dahl,5090,42,29,5534,1,1,207,55,51,262,0,0,222,447,410,669,0,0,0,0,0,0,0,0
20060917,dahl,4939,30,18,-9999,-9999,-9999,449,152,127,-9999,-9999,-9999,252,241,209,-9999,-9999,-9999,0,0,0,-9999,-9999,-9999
20060918,Groenemeijer,4558,93,68,5054,0,0,958,293,245,1251,0,0,84,77,65,160,1,1,0,0,0,0,0,0
20060919,VAN DER VELDE,4714,107,93,5223,1,1,716,357,333,1072,1,1,54,115,111,168,1,1,0,0,0,0,0,0
20060920,Gatzen,4328,72,51,4803,0,0,926,230,222,1156,0,0,322,185,176,507,0,0,0,0,0,0,0,0
20060921,Gatzen,4308,23,15,4734,0,0,1016,202,181,1217,1,1,347,167,144,514,0,0,0,0,0,0,0,0
20060922,TUSCHY,3913,15,14,-9999,-9999,-9999,1556,450,400,-9999,-9999,-9999,68,61,54,-9999,-9999,-9999,0,0,0,-9999,-9999,-9999
20060923,dahl,4120,10,6,4533,0,0,1183,303,283,1484,2,2,241,206,200,445,2,2,0,0,0,0,0,0
20060924,Dahl,4419,13,13,4830,5,5,856,160,152,1016,0,0,247,187,185,434,0,0,43,138,137,181,0,0
20060925,Groenemeijer,4281,7,4,4691,0,0,1301,83,61,1384,0,0,152,239,227,391,0,0,0,0,0,0,0,0
20060926,VAN DER VELDE,5330,26,13,-9999,-9999,-9999,381,32,23,-9999,-9999,-9999,148,146,123,-9999,-9999,-9999,0,0,0,-9999,-9999,-9999
20060927,dahl,5065,95,66,-9999,-9999,-9999,542,239,189,-9999,-9999,-9999,84,38,26,-9999,-9999,-9999,0,0,0,-9999,-9999,-9999
20060928,dahl,5116,159,106,5678,0,0,382,218,193,600,0,0,53,135,126,188,0,0,0,0,0,0,0,0
20060929,TUSCHY,3336,91,54,3829,0,0,1835,460,395,2294,2,2,279,62,46,338,3,3,0,0,0,0,0,0
20060930,Groenemeijer,4003,17,11,4423,0,0,1389,571,515,1956,4,4,45,38,36,83,0,0,0,0,0,0,0,0
20061001,dahl,4074,9,6,4486,0,0,1202,548,516,1747,3,4,180,50,49,225,5,6,0,0,0,0,0,0
20061002,Groenemeijer,3947,91,75,4440,1,1,1611,377,332,1986,2,2,31,6,5,37,0,0,0,0,0,0,0,0
20061003,VAN DER VELDE,5060,117,54,5579,1,1,320,143,109,462,1,1,256,111,96,365,2,2,26,30,27,52,4,5
20061004,Gatzen,4095,34,15,4532,0,0,1209,277,218,1484,2,2,217,231,203,448,0,0,0,0,0,0,0,0
20061005,Gatzen,4640,109,84,5152,0,0,940,280,240,1219,1,1,43,51,46,93,1,1,0,0,0,0,0,0
20061006,TUSCHY,3644,62,51,4109,0,0,1758,161,99,1918,1,1,349,89,72,437,1,1,0,0,0,0,0,0
20061007,dahl,4540,26,17,4969,0,0,1240,112,86,1352,0,0,78,67,57,145,0,0,0,0,0,0,0,0
20061008,VAN DER VELDE,5010,43,33,5456,0,0,680,330,309,1010,0,0,0,0,0,0,0,0,0,0,0,0,0,0
20061009,Groenemeijer,4959,10,10,5371,1,1,800,294,292,1094,0,0,0,0,0,0,0,0,0,0,0,0,0,0
20061011,Gatzen,5199,40,37,5642,0,0,454,339,333,793,0,0,14,17,17,30,1,1,0,0,0,0,0,0
20061012,Gatzen,5427,58,45,5888,0,0,349,168,145,517,0,0,17,44,44,61,0,0,0,0,0,0,0,0
20061013,TUSCHY,5039,28,24,-9999,-9999,-9999,729,267,254,-9999,-9999,-9999,0,0,0,-9999,-9999,-9999,0,0,0,-9999,-9999,-9999
20061014,VAN DER VELDE,5534,50,45,5987,0,0,289,190,185,479,0,0,0,0,0,0,0,0,0,0,0,0,0,0
20061015,VAN DER VELDE,5353,67,58,-9999,-9999,-9999,410,125,116,-9999,-9999,-9999,46,62,59,-9999,-9999,-9999,0,0,0,-9999,-9999,-9999
20061016,VAN DER VELDE,5060,65,52,-9999,-9999,-9999,579,168,133,-9999,-9999,-9999,116,75,63,-9999,-9999,-9999,0,0,0,-9999,-9999,-9999
20061017,VAN DER VELDE,5046,34,24,-9999,-9999,-9999,584,163,147,-9999,-9999,-9999,109,111,102,-9999,-9999,-9999,0,16,16,-9999,-9999,-9999
20061018,Gatzen,4821,76,70,5299,1,1,487,202,175,689,0,0,273,204,187,474,3,3,0,0,0,0,0,0
20061019,Gatzen,4965,113,94,5479,2,2,580,243,218,822,1,1,126,36,34,162,0,0,0,0,0,0,0,0
20061020,dahl,4479,56,29,4938,0,0,1282,246,168,1527,1,1,0,0,0,0,0,0,0,0,0,0,0,0
20061021,TUSCHY,3862,25,13,-9999,-9999,-9999,1526,271,195,-9999,-9999,-9999,280,99,73,-9999,-9999,-9999,0,0,0,-9999,-9999,-9999
20061022,dahl,5015,151,99,5568,1,1,634,201,144,835,0,0,37,25,22,62,0,0,0,0,0,0,0,0
20061023,Groenemeijer,4689,38,26,5130,0,0,607,125,111,732,0,0,354,137,112,485,6,7,57,56,46,106,7,7
20061024,VAN DER VELDE,4770,21,21,5106,1,1,826,75,75,987,1,1,317,54,54,371,0,0,0,0,0,0,0,0
20061025,Gatzen,5291,64,30,5757,1,1,513,103,74,616,0,0,21,71,68,92,0,0,0,0,0,0,0,0
20061026,Gatzen,5468,50,34,5918,3,3,438,107,80,545,0,0,0,0,0,0,0,0,0,0,0,0,0,0
20061027,dahl,5914,23,7,6315,25,26,98,28,17,126,0,0,0,0,0,0,0,0,0,0,0,0,0,0
20061028,dahl,6032,31,20,6463,3,3,0,0,0,0,0,0,0,0,0,0,0,0,0,0,0,0,0,0
20061029,dahl,5398,233,192,6033,1,1,128,69,58,197,0,0,186,49,44,232,3,3,0,0,0,0,0,0
20061030,Groenemeijer,5461,33,31,5896,1,1,336,62,60,398,0,0,6,165,165,171,0,0,0,0,0,0,0,0
20061031,VAN DER VELDE,5239,7,6,5648,1,1,600,65,64,664,1,1,123,29,29,152,0,0,0,0,0,0,0,0
20061101,Gatzen,5459,32,17,5892,2,2,423,32,21,453,2,2,94,23,23,117,0,0,0,0,0,0,0,0
20061102,Gatzen,5329,45,16,5775,2,2,435,96,74,531,0,0,52,106,99,158,0,0,0,0,0,0,0,0
20061103,TUSCHY,5357,69,39,5828,1,1,399,101,76,500,0,0,85,52,44,137,0,0,0,0,0,0,0,0
20061104,dahl,5657,65,42,-9999,-9999,-9999,225,40,28,-9999,-9999,-9999,50,26,24,-9999,-9999,-9999,0,0,0,-9999,-9999,-9999
20061105,dahl,5682,100,49,6185,0,0,180,23,18,203,0,0,30,48,40,78,0,0,0,0,0,0,0,0
20061106,Groenemeijer/Verge,5276,34,20,-9999,-9999,-9999,624,129,100,-9999,-9999,-9999,0,0,0,-9999,-9999,-9999,0,0,0,-9999,-9999,-9999
20061107,VAN DER VELDE,5680,11,6,-9999,-9999,-9999,271,53,42,-9999,-9999,-9999,48,0,0,-9999,-9999,-9999,0,0,0,-9999,-9999,-9999
20061108,Gatzen,5562,21,6,-9999,-9999,-9999,439,41,26,-9999,-9999,-9999,0,0,0,-9999,-9999,-9999,0,0,0,-9999,-9999,-9999
20061109,dahl,5895,50,23,-9999,-9999,-9999,117,1,0,-9999,-9999,-9999,0,0,0,-9999,-9999,-9999,0,0,0,-9999,-9999,-9999
20061110,dahl,5419,41,31,-9999,-9999,-9999,364,125,103,-9999,-9999,-9999,26,88,79,-9999,-9999,-9999,0,0,0,-9999,-9999,-9999
20061111,TUSCHY,5247,55,25,-9999,-9999,-9999,583,178,133,-9999,-9999,-9999,0,0,0,-9999,-9999,-9999,0,0,0,-9999,-9999,-9999
20061112,dahl,5356,87,48,-9999,-9999,-9999,403,60,43,-9999,-9999,-9999,132,25,14,-9999,-9999,-9999,0,0,0,-9999,-9999,-9999
20061113,Groenemeijer,5587,19,8,-9999,-9999,-9999,432,25,14,-9999,-9999,-9999,0,0,0,-9999,-9999,-9999,0,0,0,-9999,-9999,-9999
20061114,VAN DER VELDE,5853,15,6,6271,0,0,184,11,5,195,0,0,0,0,0,0,0,0,0,0,0,0,0,0
20061115,Gatzen,5761,8,5,-9999,-9999,-9999,233,61,56,-9999,-9999,-9999,0,0,0,-9999,-9999,-9999,0,0,0,-9999,-9999,-9999
20061116,Gatzen,5615,58,25,6073,3,3,288,34,22,322,0,0,44,24,16,68,0,0,0,0,0,0,0,0
20061117,TUSCHY,5130,93,47,-9999,-9999,-9999,571,113,91,-9999,-9999,-9999,139,17,8,-9999,-9999,-9999,0,0,0,-9999,-9999,-9999
20061118,dahl,4988,66,34,5457,0,0,873,136,95,1008,1,1,0,0,0,0,0,0,0,0,0,0,0,0
20061119,dahl,5112,39,18,-9999,-9999,-9999,862,50,34,-9999,-9999,-9999,0,0,0,-9999,-9999,-9999,0,0,0,-9999,-9999,-9999
20061120,Groenemeijer,5150,66,32,-9999,-9999,-9999,729,118,85,-9999,-9999,-9999,0,0,0,-9999,-9999,-9999,0,0,0,-9999,-9999,-9999
20061121,VAN DER VELDE,4870,34,22,5307,0,0,796,272,237,1067,1,1,87,4,2,91,0,0,0,0,0,0,0,0
20061122,Gatzen,5168,8,6,-9999,-9999,-9999,733,83,70,-9999,-9999,-9999,62,9,6,-9999,-9999,-9999,0,0,0,-9999,-9999,-9999
20061123,Gatzen,5144,101,46,-9999,-9999,-9999,651,129,100,-9999,-9999,-9999,12,26,20,-9999,-9999,-9999,0,0,0,-9999,-9999,-9999
20061124,dahl,5223,108,80,5733,1,1,515,151,114,666,0,0,64,2,0,66,0,0,0,0,0,0,0,0
20061125,TUSCHY,4461,9,3,4873,0,0,1041,175,115,1216,0,0,306,71,46,376,1,1,0,0,0,0,0,0
20061126,dahl,5061,65,32,-9999,-9999,-9999,701,97,63,-9999,-9999,-9999,121,18,12,-9999,-9999,-9999,0,0,0,-9999,-9999,-9999
20061127,Groenemeijer,5168,16,8,-9999,-9999,-9999,715,164,120,-9999,-9999,-9999,0,0,0,-9999,-9999,-9999,0,0,0,-9999,-9999,-9999
20061128,VAN DER VELDE,5325,74,45,-9999,-9999,-9999,564,100,80,-9999,-9999,-9999,0,0,0,-9999,-9999,-9999,0,0,0,-9999,-9999,-9999
20061129,Gatzen,5604,66,36,-9999,-9999,-9999,259,134,121,-9999,-9999,-9999,0,0,0,-9999,-9999,-9999,0,0,0,-9999,-9999,-9999
20061130,Gatzen,5812,7,0,6222,0,0,227,17,9,244,0,0,0,0,0,0,0,0,0,0,0,0,0,0
20061201,dahl,5618,46,25,6067,0,0,333,17,11,350,0,0,48,1,0,49,0,0,0,0,0,0,0,0
20061202,TUSCHY,4901,28,19,-9999,-9999,-9999,707,128,100,-9999,-9999,-9999,278,21,9,-9999,-9999,-9999,0,0,0,-9999,-9999,-9999
20061203,Groenemeijer,4716,33,17,5151,1,1,851,117,92,968,0,0,237,1,0,236,2,2,96,12,8,107,1,1
20061204,TUSCHY,5234,35,19,-9999,-9999,-9999,746,48,30,-9999,-9999,-9999,0,0,0,-9999,-9999,-9999,0,0,0,-9999,-9999,-9999
20061206,Gatzen,4849,55,26,-9999,-9999,-9999,896,263,212,-9999,-9999,-9999,0,0,0,-9999,-9999,-9999,0,0,0,-9999,-9999,-9999
20061207,Gatzen,5080,208,135,5688,3,3,617,158,123,775,0,0,0,0,0,0,0,0,0,0,0,0,0,0
20061208,dahl,4526,80,48,-9999,-9999,-9999,1150,190,147,-9999,-9999,-9999,98,19,12,-9999,-9999,-9999,0,0,0,-9999,-9999,-9999
20061209,dahl,5073,109,81,5585,0,0,566,123,93,688,1,1,109,83,70,191,1,1,0,0,0,0,0,0
20061210,TUSCHY,5226,87,61,-9999,-9999,-9999,672,78,57,-9999,-9999,-9999,0,0,0,-9999,-9999,-9999,0,0,0,-9999,-9999,-9999
20061211,Groenemeijer,5151,30,15,-9999,-9999,-9999,771,111,71,-9999,-9999,-9999,0,0,0,-9999,-9999,-9999,0,0,0,-9999,-9999,-9999
20061212,TUSCHY,4622,17,9,-9999,-9999,-9999,1134,91,47,-9999,-9999,-9999,170,29,15,-9999,-9999,-9999,0,0,0,-9999,-9999,-9999
20061213,Gatzen,5664,12,7,-9999,-9999,-9999,305,45,34,-9999,-9999,-9999,7,30,28,-9999,-9999,-9999,0,0,0,-9999,-9999,-9999
20061214,Gatzen,5369,4,0,-9999,-9999,-9999,320,119,96,-9999,-9999,-9999,149,102,86,-9999,-9999,-9999,0,0,0,-9999,-9999,-9999
20061215,Gatzen,5293,11,6,5707,0,0,516,146,130,662,0,0,82,15,11,97,0,0,0,0,0,0,0,0
20061216,TUSCHY,5268,5,0,-9999,-9999,-9999,720,70,53,-9999,-9999,-9999,0,0,0,-9999,-9999,-9999,0,0,0,-9999,-9999,-9999
20061217,dahl,5554,30,16,-9999,-9999,-9999,410,20,15,-9999,-9999,-9999,18,31,28,-9999,-9999,-9999,0,0,0,-9999,-9999,-9999
20061218,Groenemeijer,5012,26,18,5441,0,0,766,259,214,1025,0,0,0,0,0,0,0,0,0,0,0,0,0,0
20061220,Gatzen,5588,5,3,-9999,-9999,-9999,288,182,159,-9999,-9999,-9999,0,0,0,-9999,-9999,-9999,0,0,0,-9999,-9999,-9999
20061221,Gatzen,5456,80,55,5938,1,2,300,227,175,527,0,0,0,0,0,0,0,0,0,0,0,0,0,0
20061222,TUSCHY,4876,37,23,-9999,-9999,-9999,835,315,253,-9999,-9999,-9999,0,0,0,-9999,-9999,-9999,0,0,0,-9999,-9999,-9999
20061223,TUSCHY,5581,18,9,-9999,-9999,-9999,208,246,213,-9999,-9999,-9999,8,2,2,-9999,-9999,-9999,0,0,0,-9999,-9999,-9999
20061224,dahl,5752,18,12,6173,0,0,97,94,79,190,1,1,39,63,57,102,0,0,0,0,0,0,0,0
20061225,TUSCHY,5539,4,0,-9999,-9999,-9999,443,77,65,-9999,-9999,-9999,0,0,0,-9999,-9999,-9999,0,0,0,-9999,-9999,-9999
20061227,Gatzen,5971,1,0,-9999,-9999,-9999,88,3,1,-9999,-9999,-9999,0,0,0,-9999,-9999,-9999,0,0,0,-9999,-9999,-9999
20061228,Gatzen,6045,18,5,-9999,-9999,-9999,0,0,0,-9999,-9999,-9999,0,0,0,-9999,-9999,-9999,0,0,0,-9999,-9999,-9999
20061229,TUSCHY,5533,4,1,-9999,-9999,-9999,258,10,5,-9999,-9999,-9999,232,26,12,-9999,-9999,-9999,0,0,0,-9999,-9999,-9999
20061230,dahl,5084,78,50,5565,0,0,586,47,35,632,1,1,252,16,4,265,3,4,0,0,0,0,0,0
20061231,dahl,4776,23,11,5201,1,1,319,31,14,349,1,1,831,83,43,912,2,2,0,0,0,0,0,0
20070102,TUSCHY,4380,30,17,4813,0,0,1261,187,146,1447,1,1,105,100,91,204,1,1,0,0,0,0,0,0
20070103,Gatzen,5589,28,15,-9999,-9999,-9999,197,249,223,-9999,-9999,-9999,0,0,0,-9999,-9999,-9999,0,0,0,-9999,-9999,-9999
20070104,Gatzen,5667,17,12,-9999,-9999,-9999,225,67,56,-9999,-9999,-9999,40,47,39,-9999,-9999,-9999,0,0,0,-9999,-9999,-9999
20070105,dahl,5869,11,3,-9999,-9999,-9999,125,58,51,-9999,-9999,-9999,0,0,0,-9999,-9999,-9999,0,0,0,-9999,-9999,-9999
20070106,TUSCHY,5704,1,0,6107,1,1,353,5,0,358,0,0,0,0,0,0,0,0,0,0,0,0,0,0
20070107,dahl,5294,3,0,-9999,-9999,-9999,515,2,1,-9999,-9999,-9999,249,0,0,-9999,-9999,-9999,0,0,0,-9999,-9999,-9999
20070108,Groenemeijer,5917,41,29,-9999,-9999,-9999,97,8,4,-9999,-9999,-9999,0,0,0,-9999,-9999,-9999,0,0,0,-9999,-9999,-9999
20070109,VAN DER VELDE,4937,5,0,-9999,-9999,-9999,599,81,60,-9999,-9999,-9999,433,8,6,-9999,-9999,-9999,0,0,0,-9999,-9999,-9999
20070110,Gatzen,5583,37,17,5988,35,37,386,13,6,399,0,0,41,3,2,44,0,0,0,0,0,0,0,0
20070111,Gatzen,5138,30,17,5541,30,31,193,6,2,196,3,4,652,44,27,682,14,16,0,0,0,0,0,0
20070112,dahl,5589,72,45,6060,4,4,136,71,61,207,0,0,186,9,3,195,0,0,0,0,0,0,0,0
20070113,TUSCHY,5514,2,0,5915,4,6,438,50,39,488,0,0,55,4,1,59,0,0,0,0,0,0,0,0
20070114,dahl,5947,86,45,6421,15,16,30,0,0,30,0,0,0,0,0,0,0,0,0,0,0,0,0,0
20070115,Groenemeijer,5691,5,0,6099,0,0,272,5,0,276,1,1,86,4,0,90,0,0,0,0,0,0,0,0
20070116,VAN DER VELDE,5968,11,7,6381,1,1,75,9,4,84,0,0,0,0,0,0,0,0,0,0,0,0,0,0
20070117,Gatzen,5177,3,1,5581,2,2,380,8,4,388,0,0,479,16,4,495,0,0,0,0,0,0,0,0
20070118,Gatzen,4287,15,9,4705,0,0,391,4,1,395,0,0,897,53,38,942,8,9,264,152,135,382,34,70
20070119,VAN DER VELDE,4839,14,4,5255,1,1,862,58,33,920,0,0,255,20,9,275,0,0,15,0,0,15,0,0
20070120,TUSCHY,4915,32,11,5347,3,3,740,48,24,787,1,1,252,76,46,324,4,4,0,0,0,0,0,0
20070121,dahl,5462,57,25,5920,2,2,295,35,22,330,0,0,158,56,34,214,0,0,0,0,0,0,0,0
20070122,Groenemeijer,5081,75,51,-9999,-9999,-9999,685,222,149,-9999,-9999,-9999,0,0,0,-9999,-9999,-9999,0,0,0,-9999,-9999,-9999
20070123,VAN DER VELDE,4873,35,29,5311,0,0,614,240,217,852,2,2,72,229,218,301,0,0,0,0,0,0,0,0
20070124,Gatzen,5190,147,102,5740,0,0,382,188,146,570,0,0,87,69,58,156,0,0,0,0,0,0,0,0
20070125,Gatzen,5256,190,126,-9999,-9999,-9999,401,216,182,-9999,-9999,-9999,0,0,0,-9999,-9999,-9999,0,0,0,-9999,-9999,-9999
20070126,dahl,5092,36,12,-9999,-9999,-9999,602,163,137,-9999,-9999,-9999,137,33,27,-9999,-9999,-9999,0,0,0,-9999,-9999,-9999
20070127,TUSCHY,5412,33,21,-9999,-9999,-9999,408,94,69,-9999,-9999,-9999,50,66,57,-9999,-9999,-9999,0,0,0,-9999,-9999,-9999
20070128,dahl,5627,4,0,6034,0,0,301,24,12,325,0,0,98,9,2,107,0,0,0,0,0,0,0,0
20070129,Groenemeijer,5849,33,15,6284,1,1,116,65,51,181,0,0,0,0,0,0,0,0,0,0,0,0,0,0
20070130,VAN DER VELDE,5874,35,21,6312,0,0,100,54,43,153,1,1,0,0,0,0,0,0,0,0,0,0,0,0
20070131,Gatzen,5833,49,19,6285,0,0,82,20,16,102,0,0,79,0,0,79,0,0,0,0,0,0,0,0
20070201,Gatzen,5694,71,45,-9999,-9999,-9999,228,70,59,-9999,-9999,-9999,0,0,0,-9999,-9999,-9999,0,0,0,-9999,-9999,-9999
20070203,TUSCHY,5809,48,19,-9999,-9999,-9999,181,25,17,-9999,-9999,-9999,0,0,0,-9999,-9999,-9999,0,0,0,-9999,-9999,-9999
20070204,TUSCHY,5155,42,29,-9999,-9999,-9999,623,84,68,-9999,-9999,-9999,136,23,17,-9999,-9999,-9999,0,0,0,-9999,-9999,-9999
20070205,Groenemeijer,5997,66,40,-9999,-9999,-9999,0,0,0,-9999,-9999,-9999,0,0,0,-9999,-9999,-9999,0,0,0,-9999,-9999,-9999
20070206,VAN DER VELDE,5516,88,46,6007,0,0,351,108,80,458,1,1,0,0,0,0,0,0,0,0,0,0,0,0
20070207,Gatzen,5442,65,43,-9999,-9999,-9999,309,247,214,-9999,-9999,-9999,0,0,0,-9999,-9999,-9999,0,0,0,-9999,-9999,-9999
20070208,Gatzen,5213,122,64,-9999,-9999,-9999,630,98,66,-9999,-9999,-9999,0,0,0,-9999,-9999,-9999,0,0,0,-9999,-9999,-9999
20070209,TUSCHY,4782,27,15,-9999,-9999,-9999,1025,97,64,-9999,-9999,-9999,68,64,51,-9999,-9999,-9999,0,0,0,-9999,-9999,-9999
20070210,dahl,5096,64,35,-9999,-9999,-9999,597,149,125,-9999,-9999,-9999,136,21,9,-9999,-9999,-9999,0,0,0,-9999,-9999,-9999
20070211,dahl,4884,11,4,5298,0,0,635,112,90,747,0,0,366,55,43,414,7,7,0,0,0,0,0,0
20070212,Groenemeijer,4991,35,24,5428,1,1,727,57,37,784,0,0,171,36,26,207,0,0,44,2,1,46,0,0
20070213,VAN DER VELDE,5588,14,4,-9999,-9999,-9999,198,43,31,-9999,-9999,-9999,105,115,104,-9999,-9999,-9999,0,0,0,-9999,-9999,-9999
20070214,Gatzen,5590,50,35,-9999,-9999,-9999,286,137,109,-9999,-9999,-9999,0,0,0,-9999,-9999,-9999,0,0,0,-9999,-9999,-9999
20070215,Gatzen,5205,15,4,-9999,-9999,-9999,678,165,140,-9999,-9999,-9999,0,0,0,-9999,-9999,-9999,0,0,0,-9999,-9999,-9999
20070216,TUSCHY,4793,19,14,-9999,-9999,-9999,789,249,226,-9999,-9999,-9999,76,137,117,-9999,-9999,-9999,0,0,0,-9999,-9999,-9999
20070217,dahl,4963,33,13,-9999,-9999,-9999,888,179,136,-9999,-9999,-9999,0,0,0,-9999,-9999,-9999,0,0,0,-9999,-9999,-9999
20070218,dahl,5550,41,27,-9999,-9999,-9999,292,148,127,-9999,-9999,-9999,25,7,4,-9999,-9999,-9999,0,0,0,-9999,-9999,-9999
20070219,TUSCHY,5225,6,3,-9999,-9999,-9999,679,92,70,-9999,-9999,-9999,25,36,34,-9999,-9999,-9999,0,0,0,-9999,-9999,-9999
20070220,VAN DER VELDE,5559,19,3,5980,1,1,333,96,80,429,0,0,30,26,22,56,0,0,0,0,0,0,0,0
20070221,Gatzen,5564,18,8,5985,0,0,458,23,11,481,0,0,0,0,0,0,0,0,0,0,0,0,0,0
20070222,Gatzen,5264,77,54,-9999,-9999,-9999,652,70,53,-9999,-9999,-9999,0,0,0,-9999,-9999,-9999,0,0,0,-9999,-9999,-9999
20070223,TUSCHY,4705,29,14,5137,0,0,1222,76,51,1298,0,0,22,9,8,31,0,0,0,0,0,0,0,0
20070224,dahl,5285,66,52,5754,0,0,506,130,96,636,0,0,66,10,7,76,0,0,0,0,0,0,0,0
20070225,dahl,5347,135,85,-9999,-9999,-9999,490,91,58,-9999,-9999,-9999,0,0,0,-9999,-9999,-9999,0,0,0,-9999,-9999,-9999
20070226,Groenemeijer,5346,9,2,5758,0,0,381,327,295,707,1,1,0,0,0,0,0,0,0,0,0,0,0,0
20070227,VAN DER VELDE,5408,51,24,-9999,-9999,-9999,348,237,193,-9999,-9999,-9999,7,12,11,-9999,-9999,-9999,0,0,0,-9999,-9999,-9999
20070228,Gatzen,5243,60,46,5706,0,0,304,36,26,338,2,2,253,167,148,414,6,7,0,0,0,0,0,0
20070301,Gatzen,5701,6,1,-9999,-9999,-9999,119,0,0,-9999,-9999,-9999,222,15,10,-9999,-9999,-9999,0,0,0,-9999,-9999,-9999
20070302,TUSCHY,5594,27,8,6021,3,3,420,22,9,442,0,0,0,0,0,0,0,0,0,0,0,0,0,0
20070303,TUSCHY,5597,51,37,6049,2,2,275,57,43,329,3,3,67,16,11,79,4,4,0,0,0,0,0,0
20070304,TUSCHY,5191,51,34,-9999,-9999,-9999,746,75,47,-9999,-9999,-9999,0,0,0,-9999,-9999,-9999,0,0,0,-9999,-9999,-9999
20070305,Groenemeijer,5651,20,9,6074,0,0,363,29,23,392,0,0,0,0,0,0,0,0,0,0,0,0,0,0
20070306,VAN DER VELDE,5366,116,76,-9999,-9999,-9999,446,96,66,-9999,-9999,-9999,38,1,0,-9999,-9999,-9999,0,0,0,-9999,-9999,-9999
20070307,VAN DER VELDE,5025,17,9,5445,0,0,519,220,182,738,1,1,89,193,187,281,1,1,0,0,0,0,0,0
20070308,TUSCHY,5745,24,11,-9999,-9999,-9999,223,71,57,-9999,-9999,-9999,0,0,0,-9999,-9999,-9999,0,0,0,-9999,-9999,-9999
20070309,TUSCHY,5201,4,3,-9999,-9999,-9999,787,71,48,-9999,-9999,-9999,0,0,0,-9999,-9999,-9999,0,0,0,-9999,-9999,-9999
20070310,TUSCHY,5640,57,38,6098,2,2,248,118,98,366,0,0,0,0,0,0,0,0,0,0,0,0,0,0
20070311,VAN DER VELDE,5687,23,15,-9999,-9999,-9999,262,91,72,-9999,-9999,-9999,0,0,0,-9999,-9999,-9999,0,0,0,-9999,-9999,-9999
20070312,Groenemeijer,5551,14,7,5968,0,0,383,115,97,498,0,0,0,0,0,0,0,0,0,0,0,0,0,0
20070313,VAN DER VELDE,5473,10,2,-9999,-9999,-9999,529,51,19,-9999,-9999,-9999,0,0,0,-9999,-9999,-9999,0,0,0,-9999,-9999,-9999
20070314,Gatzen,5998,14,4,-9999,-9999,-9999,35,16,12,-9999,-9999,-9999,0,0,0,-9999,-9999,-9999,0,0,0,-9999,-9999,-9999
20070315,Gatzen,6026,37,20,-9999,-9999,-9999,0,0,0,-9999,-9999,-9999,0,0,0,-9999,-9999,-9999,0,0,0,-9999,-9999,-9999
20070316,Groenemeijer,5441,41,31,-9999,-9999,-9999,455,126,103,-9999,-9999,-9999,0,0,0,-9999,-9999,-9999,0,0,0,-9999,-9999,-9999
20070317,TUSCHY,5396,30,10,-9999,-9999,-9999,515,65,46,-9999,-9999,-9999,56,1,0,-9999,-9999,-9999,0,0,0,-9999,-9999,-9999
20070318,VAN DER VELDE,4876,20,7,5299,0,0,709,65,30,773,1,1,351,42,11,393,0,0,0,0,0,0,0,0
20070319,TUSCHY,3880,35,20,4318,0,0,1323,374,259,1697,0,0,309,142,98,448,3,3,0,0,0,0,0,0
20070320,VAN DER VELDE,4598,53,42,5053,1,1,888,370,337,1257,1,1,49,75,70,123,1,1,1,29,29,30,0,0
20070321,TUSCHY,4611,48,45,-9999,-9999,-9999,901,404,389,-9999,-9999,-9999,60,26,24,-9999,-9999,-9999,3,10,10,-9999,-9999,-9999
20070322,VAN DER VELDE,4969,6,3,-9999,-9999,-9999,613,415,384,-9999,-9999,-9999,45,15,11,-9999,-9999,-9999,0,0,0,-9999,-9999,-9999
20070323,VAN DER VELDE,5297,46,29,-9999,-9999,-9999,345,300,267,-9999,-9999,-9999,14,61,53,-9999,-9999,-9999,0,0,0,-9999,-9999,-9999
20070325,TUSCHY,5124,51,35,-9999,-9999,-9999,660,228,183,-9999,-9999,-9999,0,0,0,-9999,-9999,-9999,0,0,0,-9999,-9999,-9999
20070326,Groenemeijer,5026,35,19,-9999,-9999,-9999,713,289,225,-9999,-9999,-9999,0,0,0,-9999,-9999,-9999,0,0,0,-9999,-9999,-9999
20070327,VAN DER VELDE,5257,55,28,-9999,-9999,-9999,545,206,158,-9999,-9999,-9999,0,0,0,-9999,-9999,-9999,0,0,0,-9999,-9999,-9999
20070328,GATZEN,4803,25,15,5231,0,0,984,251,214,1235,0,0,0,0,0,0,0,0,0,0,0,0,0,0
20070329,VAN DER VELDE,5029,20,9,-9999,-9999,-9999,705,228,176,-9999,-9999,-9999,25,56,51,-9999,-9999,-9999,0,0,0,-9999,-9999,-9999
20070330,TUSCHY,4901,62,46,-9999,-9999,-9999,789,207,147,-9999,-9999,-9999,45,59,54,-9999,-9999,-9999,0,0,0,-9999,-9999,-9999
20070331,dahl,5376,123,66,5901,1,1,461,68,41,529,0,0,10,25,21,35,0,0,0,0,0,0,0,0
20070401,TUSCHY,5455,44,27,-9999,-9999,-9999,312,215,163,-9999,-9999,-9999,19,18,17,-9999,-9999,-9999,0,0,0,-9999,-9999,-9999
20070402,Groenemeijer,4792,25,11,-9999,-9999,-9999,920,326,253,-9999,-9999,-9999,0,0,0,-9999,-9999,-9999,0,0,0,-9999,-9999,-9999
20070403,VAN DER VELDE,4901,100,73,5404,0,0,623,270,231,892,1,1,64,105,91,168,1,1,0,0,0,0,0,0
20070404,GATZEN,4758,27,14,5182,1,1,948,330,254,1282,1,1,0,0,0,0,0,0,0,0,0,0,0,0
20070405,Gatzen,5231,53,30,5684,3,3,627,152,107,778,1,1,0,0,0,0,0,0,0,0,0,0,0,0
20070406,TUSCHY,5446,64,39,5912,1,1,414,139,111,551,2,2,0,0,0,0,0,0,0,0,0,0,0,0
20070407,dahl,5326,79,57,-9999,-9999,-9999,515,143,104,-9999,-9999,-9999,0,0,0,-9999,-9999,-9999,0,0,0,-9999,-9999,-9999
20070408,VAN DER VELDE,5342,67,44,-9999,-9999,-9999,369,230,214,-9999,-9999,-9999,36,19,17,-9999,-9999,-9999,0,0,0,-9999,-9999,-9999
20070409,Groenemeijer,4893,89,57,5068,0,0,865,216,182,1397,1,1,0,0,0,0,0,0,0,0,0,0,0,0
20070410,VAN DER VELDE,5442,49,21,5883,11,17,446,126,98,572,0,0,0,0,0,0,0,0,0,0,0,0,0,0
20070411,GATZEN,5122,23,10,5546,2,4,645,273,251,918,0,0,0,0,0,0,0,0,0,0,0,0,0,0
20070412,Gatzen,5168,20,10,-9999,-9999,-9999,544,197,180,-9999,-9999,-9999,58,76,72,-9999,-9999,-9999,0,0,0,-9999,-9999,-9999
20070413,TUSCHY,5327,60,46,5790,0,0,545,102,80,647,0,0,7,22,22,29,0,0,0,0,0,0,0,0
20070414,dahl,5576,43,25,-9999,-9999,-9999,381,63,48,-9999,-9999,-9999,0,0,0,-9999,-9999,-9999,0,0,0,-9999,-9999,-9999
20070415,dahl,5745,157,113,6302,3,3,126,35,28,161,0,0,0,0,0,0,0,0,0,0,0,0,0,0
20070416,Groenemeijer,4894,68,46,5365,0,0,845,203,162,1047,1,1,7,46,44,50,3,4,0,0,0,0,0,0
20070417,VAN DER VELDE,5329,142,97,5873,1,1,322,241,222,563,0,0,2,27,22,29,0,0,0,0,0,0,0,0
20070418,Gatzen,5392,60,34,5854,1,1,482,116,81,598,0,0,13,0,0,13,0,0,0,0,0,0,0,0
20070419,Gatzen,5030,61,42,-9999,-9999,-9999,784,178,140,-9999,-9999,-9999,10,0,0,-9999,-9999,-9999,0,0,0,-9999,-9999,-9999
20070420,TUSCHY,5411,41,30,-9999,-9999,-9999,386,225,201,-9999,-9999,-9999,0,0,0,-9999,-9999,-9999,0,0,0,-9999,-9999,-9999
20070421,dahl,5370,53,30,-9999,-9999,-9999,498,142,131,-9999,-9999,-9999,0,0,0,-9999,-9999,-9999,0,0,0,-9999,-9999,-9999
20070422,dahl,5553,42,22,-9999,-9999,-9999,340,128,102,-9999,-9999,-9999,0,0,0,-9999,-9999,-9999,0,0,0,-9999,-9999,-9999
20070423,Groenemeijer,5576,32,19,-9999,-9999,-9999,359,96,69,-9999,-9999,-9999,0,0,0,-9999,-9999,-9999,0,0,0,-9999,-9999,-9999
20070424,VAN DER VELDE,5296,35,25,-9999,-9999,-9999,568,96,73,-9999,-9999,-9999,62,6,5,-9999,-9999,-9999,0,0,0,-9999,-9999,-9999
20070425,Gatzen,5121,87,73,5611,0,0,513,305,267,818,0,0,20,17,16,36,1,1,0,0,0,0,0,0
20070426,Gatzen,5114,74,61,5591,0,0,564,205,193,767,2,2,41,65,63,106,0,0,0,0,0,0,0,0
20070427,TUSCHY,4991,104,61,5497,1,1,646,322,287,967,1,1,0,0,0,0,0,0,0,0,0,0,0,0
20070428,dahl,4979,106,80,5488,0,0,697,281,252,977,1,1,0,0,0,0,0,0,0,0,0,0,0,0
20070429,dahl,4770,102,78,5273,2,2,704,284,249,984,4,4,148,55,47,203,0,0,0,0,0,0,0,0
20070430,TUSCHY,4395,55,36,4853,0,0,1106,389,333,1489,6,8,57,61,57,117,1,1,0,0,0,0,0,0
20070501,VAN DER VELDE,4949,69,42,5418,3,3,638,362,337,1000,0,0,22,23,22,45,0,0,0,0,0,0,0,0
20070502,TUSCHY,4535,35,21,4973,0,0,1002,253,202,1255,0,0,158,80,69,238,0,0,0,0,0,0,0,0
20070503,Gatzen,4814,53,33,-9999,-9999,-9999,808,357,303,-9999,-9999,-9999,16,15,14,-9999,-9999,-9999,0,0,0,-9999,-9999,-9999
20070504,TUSCHY,4598,27,22,5027,1,1,1050,284,243,1332,2,2,72,32,27,104,0,0,0,0,0,0,0,0
20070505,dahl,4575,46,41,5024,0,0,865,347,296,1208,4,4,140,90,79,228,2,2,0,0,0,0,0,0
20070506,dahl,4977,41,28,5420,1,1,607,298,254,905,0,0,25,115,111,138,2,3,0,0,0,0,0,0
20070507,Groenemeijer,4969,181,126,5552,1,1,631,200,178,830,1,1,29,53,49,82,0,0,0,0,0,0,0,0
20070508,VAN DER VELDE,4237,105,81,4745,0,0,1123,215,183,1338,0,0,199,184,168,382,1,1,0,0,0,0,0,0
20070509,Gatzen,4816,48,32,5266,1,1,719,261,223,980,0,0,187,32,25,219,0,0,0,0,0,0,0,0
20070510,Gatzen,4739,69,41,5115,0,0,675,142,97,913,0,0,350,88,56,438,0,0,0,0,0,0,0,0
20070511,VAN DER VELDE,4755,73,50,5230,1,1,703,113,98,814,2,3,115,246,233,345,16,19,2,56,56,49,9,9
20070512,TUSCHY,3412,48,33,3530,0,0,1765,222,180,2309,0,0,409,207,172,622,5,5,0,0,0,0,0,0
20070513,VAN DER VELDE,4420,186,140,5008,0,0,777,143,104,920,1,1,246,210,173,444,12,13,22,59,56,77,4,7
20070514,Groenemeijer,4755,224,167,5378,4,4,633,206,172,835,4,4,57,188,186,224,21,36,0,0,0,0,0,0
20070515,VAN DER VELDE,4739,135,106,5266,5,5,430,85,67,520,1,1,167,214,200,378,3,4,69,224,214,281,12,16
20070516,Gatzen,4956,55,38,5404,0,0,444,198,165,651,1,1,130,280,257,405,5,5,0,0,0,0,0,0
20070517,Gatzen,4845,45,39,5241,0,0,654,368,322,1073,1,4,96,55,46,151,0,0,0,0,0,0,0,0
20070518,VAN DER VELDE,5145,73,54,5598,1,1,374,164,149,548,1,1,113,194,178,318,0,0,0,0,0,0,0,0
20070519,dahl,4892,209,181,5503,1,1,584,273,240,854,3,3,61,44,43,105,0,0,0,0,0,0,0,0
20070520,dahl,3976,118,90,4459,2,7,1463,368,313,1864,3,4,12,126,121,138,0,0,0,0,0,0,0,0
20070521,Groenemeijer,4120,175,145,4573,0,0,1293,323,293,1736,5,9,72,80,79,143,9,11,0,0,0,0,0,0
20070522,VAN DER VELDE,4273,93,78,4746,2,2,1028,462,451,1494,17,19,59,88,86,146,1,1,13,47,47,60,0,0
20070523,Gatzen,3947,64,59,4413,1,1,1220,485,470,1698,7,7,164,183,178,346,1,1,0,0,0,0,0,0
20070524,Gatzen,4456,149,117,4936,0,0,878,506,476,1453,3,3,44,30,29,73,1,1,0,0,0,0,0,0
20070525,TUSCHY,3480,97,80,3980,0,0,1631,468,446,2093,6,8,121,266,265,368,19,33,0,0,0,0,0,0
20070526,dahl,2802,39,37,3204,1,1,2052,565,558,2641,15,18,284,235,231,513,6,10,23,63,63,72,14,20
20070527,TUSCHY,2486,49,46,2829,0,0,1787,517,515,2332,8,9,751,219,219,1028,15,22,178,76,75,250,4,4
20070528,Groenemeijer,3367,30,29,3635,2,2,1484,668,644,2223,9,9,310,204,195,592,5,5,0,0,0,0,0,0
20070529,VAN DER VELDE,3919,43,36,4289,0,0,871,278,263,1185,1,1,434,518,494,980,11,12,0,0,0,0,0,0
20070530,Gatzen,4388,268,226,5046,1,1,648,276,243,936,0,0,237,246,234,483,0,0,0,0,0,0,0,0
20070531,Gatzen,3942,112,95,4188,2,3,1210,368,340,1721,1,1,187,244,227,515,9,12,0,0,0,30,0,0
20070601,TUSCHY,4561,171,151,5119,1,1,752,278,265,1030,0,0,154,147,135,316,0,0,0,0,0,0,0,0
20070602,VAN DER VELDE,4578,22,19,5003,0,0,825,253,242,1073,5,6,178,155,140,332,1,1,7,45,45,47,5,5
20070604,Groenemeijer,4703,237,224,5342,1,1,733,390,382,1123,0,0,0,0,0,0,0,0,0,0,0,0,0,0
20070605,VAN DER VELDE,4297,71,44,4771,0,0,992,434,392,1424,2,3,147,122,115,269,0,0,0,0,0,0,0,0
20070606,Gatzen,4705,225,177,5305,0,0,729,353,337,1109,1,1,16,35,35,51,0,0,0,0,0,0,0,0
20070607,Gatzen,4544,74,56,5021,0,0,958,487,451,1441,4,5,0,0,0,0,0,0,0,0,0,0,0,0
20070608,TUSCHY,4683,134,112,5220,0,0,739,347,309,1086,0,0,55,105,103,158,2,2,0,0,0,0,0,0
20070609,Dahl,4175,130,103,4708,0,0,1134,482,441,1604,12,20,31,111,104,140,2,4,0,0,0,0,0,0
20070610,VAN DER VELDE,4188,99,76,4687,3,3,995,472,437,1446,21,25,95,214,212,299,10,13,0,0,0,0,0,0
20070611,Groenemeijer,4328,184,164,4914,1,1,952,465,447,1407,10,10,44,90,88,129,5,5,0,0,0,0,0,0
20070612,VAN DER VELDE,3982,210,156,4595,0,0,1238,477,440,1709,6,6,71,85,79,154,2,2,0,0,0,0,0,0
20070613,Gatzen,3984,133,111,4437,5,5,1088,490,461,1649,7,7,263,105,97,365,3,4,0,0,0,0,0,0
20070614,Gatzen,3900,182,162,4406,2,2,1005,518,499,1593,7,7,275,183,174,453,5,5,0,0,0,0,0,0
20070615,TUSCHY,3613,40,37,3853,0,0,1242,449,442,1757,5,5,230,226,220,499,23,29,184,79,74,328,1,1
20070616,dahl,3784,78,58,4249,1,1,1567,542,513,2119,5,6,51,41,41,92,0,0,0,0,0,0,0,0
20070617,VAN DER VELDE,4314,59,42,4728,1,1,971,439,413,1432,0,0,152,91,82,268,0,0,26,11,11,37,0,0
20070618,Groenemeijer,4693,191,165,5190,2,2,809,317,282,1217,4,4,19,34,32,53,0,0,0,0,0,0,0,0
20070619,VAN DER VELDE,3891,37,22,4232,0,0,1425,360,328,1882,2,2,139,147,140,284,2,3,10,54,54,63,1,1
20070620,Gatzen,4286,79,65,4618,0,0,1180,210,199,1536,4,4,101,124,124,220,5,7,66,17,17,83,0,0
20070621,Gatzen,4559,146,129,5107,1,1,764,168,152,928,4,5,183,184,182,355,12,15,4,55,55,57,2,2
20070622,TUSCHY,4634,104,77,5138,3,3,717,407,366,1121,3,3,48,76,72,119,5,5,34,43,39,72,5,8
20070623,Dahl,4311,36,28,4748,2,2,909,486,469,1385,10,13,166,96,89,259,3,5,25,34,33,57,2,2
20070624,dahl,4215,34,25,-9999,-9999,-9999,1213,427,387,-9999,-9999,-9999,33,59,51,-9999,-9999,-9999,12,70,70,-9999,-9999,-9999
20070625,Groenemeijer,4406,149,102,4958,0,0,805,233,176,1037,1,1,163,157,139,317,3,3,33,117,111,149,1,2
20070626,VAN DER VELDE,4488,139,111,4975,1,1,665,298,277,1014,3,3,156,216,212,369,3,3,40,61,59,101,0,0
20070627,Gatzen,5017,80,53,5498,2,2,328,81,70,408,1,1,253,188,171,437,4,5,14,102,98,116,0,0
20070628,Gatzen,5082,179,144,5489,1,1,429,160,142,756,2,2,92,121,112,217,1,1,0,0,0,0,0,0
20070629,TUSCHY,4940,214,152,5402,0,0,706,171,137,986,0,0,17,15,12,78,0,0,0,0,0,0,0,0
20070630,dahl,4295,135,105,4731,0,0,1180,266,227,1548,0,0,137,50,46,187,0,0,0,0,0,0,0,0
20070701,dahl,3989,107,92,4499,0,0,1250,417,366,1666,1,1,118,182,170,298,2,2,0,0,0,0,0,0
20070702,Groenemeijer,3347,71,58,3500,0,0,1929,588,550,2691,5,5,62,66,60,270,0,0,0,0,0,0,0,0
20070703,VAN DER VELDE,4491,147,111,4879,1,1,744,293,267,1092,3,3,175,213,198,486,5,5,0,0,0,0,0,0
20070704,dahl,3503,52,34,3629,0,0,1360,351,319,2034,6,7,419,221,208,637,3,3,86,71,70,155,2,3
20070706,VAN DER VELDE,4280,31,18,-9999,-9999,-9999,939,133,97,-9999,-9999,-9999,345,89,73,-9999,-9999,-9999,43,203,197,-9999,-9999,-9999
20070707,dahl,4873,256,220,5210,0,0,539,310,285,1171,0,0,36,49,47,85,0,0,0,0,0,0,0,0
20070708,dahl,4893,170,127,5290,0,0,534,201,163,786,0,0,88,119,108,330,2,3,2,56,54,58,0,0
20070709,TUSCHY,4252,102,87,4469,0,0,1038,339,305,1642,6,6,144,164,159,320,5,5,4,20,20,20,4,4
20070710,VAN DER VELDE,4687,35,28,4769,1,1,472,130,121,957,0,0,267,265,244,526,6,7,79,128,125,205,2,4
20070711,Gatzen,4219,48,33,4470,0,0,1303,270,239,1772,1,1,71,126,123,194,3,7,12,14,13,25,1,1
20070712,Gatzen,3776,107,88,4209,1,1,1446,252,221,1774,0,0,224,258,243,478,4,4,0,0,0,0,0,0
20070713,TUSCHY,3907,17,12,4314,0,0,1203,99,86,1313,0,0,420,173,152,589,6,6,125,119,107,244,0,0
20070714,dahl,4376,132,99,4706,1,1,960,313,258,1418,3,3,179,103,86,337,1,1,0,0,0,0,0,0
20070715,dahl,4672,194,142,4936,0,0,533,296,269,963,0,0,167,201,189,563,4,4,0,0,0,0,0,0
20070716,Groenemeijer,3726,119,95,3865,1,1,1405,453,370,2237,3,3,167,112,95,279,0,0,5,76,75,80,1,1
20070717,VAN DER VELDE,4303,73,49,4627,2,2,698,241,205,1089,0,0,291,341,302,630,2,2,40,76,66,115,1,1
20070718,Gatzen,4187,179,151,4769,0,0,632,186,167,817,1,1,582,297,257,875,4,4,0,0,0,0,0,0
20070719,Gatzen,4100,54,36,4353,0,0,828,271,225,1275,1,1,401,334,291,753,9,12,5,70,67,71,4,7
20070720,Groenemeijer,4559,44,40,4842,0,0,729,228,199,1119,2,2,141,362,354,487,16,26,0,0,0,0,0,0
20070721,dahl,4964,112,92,5479,0,0,400,258,232,653,5,5,129,200,188,323,6,9,0,0,0,0,0,0
20070722,dahl,5097,121,76,5621,0,0,299,360,313,647,12,12,30,156,155,177,9,14,0,0,0,0,0,0
20070723,Groenemeijer,5021,97,58,5521,0,0,455,153,123,607,1,1,207,130,111,336,1,2,0,0,0,0,0,0
20070724,VAN DER VELDE,4651,167,113,5220,1,1,550,181,143,729,2,2,166,249,234,412,3,3,15,84,82,96,3,4
20070725,Gatzen,4410,116,74,4929,0,0,1067,145,102,1212,0,0,136,189,170,325,0,0,0,0,0,0,0,0
20070726,Gatzen,5043,22,7,5347,1,1,782,216,142,1115,3,3,0,0,0,0,0,0,0,0,0,0,0,0
20070728,dahl,4175,29,19,4574,2,2,1434,425,344,1890,0,0,0,0,0,0,0,0,0,0,0,0,0,0
20070729,dahl,4297,88,58,4664,5,8,1280,352,258,1751,0,0,46,0,0,46,0,0,0,0,0,0,0,0
20070731,VAN DER VELDE,4900,88,54,5337,0,0,596,202,165,851,1,1,129,148,123,276,1,1,0,0,0,0,0,0
20070801,Gatzen,4930,123,109,5456,0,0,545,271,252,815,1,1,76,118,114,194,0,0,0,0,0,0,0,0
20070802,Gatzen,5086,109,78,5587,1,1,437,148,143,595,0,0,156,127,121,277,6,9,0,0,0,0,0,0
20070803,VAN DER VELDE,5349,72,39,5710,1,1,276,146,125,470,0,0,47,173,159,284,1,1,0,0,0,0,0,0
20070804,VAN DER VELDE,5383,121,86,5907,0,0,262,159,133,421,0,0,54,84,77,138,0,0,0,0,0,0,0,0
20070805,VAN DER VELDE,4682,83,58,4895,0,0,826,247,206,1343,3,3,72,153,141,225,0,0,0,0,0,0,0,0
20070806,Groenemeijer,4592,121,104,5037,0,0,799,218,195,1096,0,0,161,117,111,276,2,2,4,51,51,51,4,4
20070807,VAN DER VELDE,4356,68,67,4811,1,1,979,353,338,1345,2,2,174,91,90,264,1,1,4,38,38,37,5,6
20070808,Gatzen,3825,54,53,4282,0,0,1467,502,497,1963,6,8,136,79,79,214,1,1,0,0,0,0,0,0
20070809,Gatzen,3687,19,15,4108,1,1,1667,522,484,2186,3,3,76,92,85,162,6,6,0,0,0,0,0,0
20070810,VAN DER VELDE,4465,20,19,4879,1,1,913,289,276,1209,1,2,148,228,221,375,1,1,0,0,0,0,0,0
20070813,Groenemeijer,3617,269,231,-9999,-9999,-9999,1771,406,374,-9999,-9999,-9999,0,0,0,-9999,-9999,-9999,0,0,0,-9999,-9999,-9999
20070814,Groenemeijer,4285,167,123,4855,0,0,985,397,372,1378,4,4,214,15,9,229,0,0,0,0,0,0,0,0
20070815,Gatzen,3277,21,14,3470,0,0,1496,469,431,2195,1,1,662,138,125,800,0,0,0,0,0,0,0,0
20070816,Gatzen,3333,57,31,3524,1,1,1578,206,160,2050,2,2,735,154,117,889,0,0,0,0,0,0,0,0
20070819,dahl,4699,188,143,5253,0,0,627,443,421,1097,10,13,70,36,32,106,0,0,0,0,0,0,0,0
20070820,Groenemeijer,3924,58,47,4384,1,1,1233,370,352,1601,2,2,192,286,277,462,16,20,0,0,0,0,0,0
20070821,VAN DER VELDE,4232,344,241,4977,2,3,604,272,229,876,0,0,358,253,207,602,9,16,0,0,0,0,0,0
20070822,Gatzen,3359,50,37,3714,0,0,943,160,146,1128,1,1,832,343,318,1243,4,4,183,193,174,376,0,0
20070823,Gatzen,3884,206,188,4376,0,0,1130,396,363,1636,7,7,193,129,119,312,10,15,39,86,85,118,7,12
20070824,TUSCHY,4206,187,169,4406,0,0,965,246,234,1444,0,0,257,202,188,615,1,1,0,0,0,0,0,0
20070825,TUSCHY,4629,98,68,5094,0,0,630,185,158,850,1,1,192,250,233,440,2,2,34,45,43,75,4,6
20070826,dahl,4747,86,45,5236,0,0,885,161,121,1044,2,3,77,28,23,105,0,0,33,46,45,75,4,4
20070827,TUSCHY,5217,193,154,5812,1,1,410,225,195,634,1,1,1,17,17,18,0,0,0,0,0,0,0,0
20070828,VAN DER VELDE,4454,49,43,4858,0,0,863,246,236,1157,0,0,249,202,190,445,6,9,0,0,0,0,0,0
20070829,Gatzen,5140,90,66,5633,0,0,263,126,103,389,0,0,187,117,107,300,4,6,36,104,100,134,6,7
20070830,Gatzen,4980,70,40,5452,1,1,481,52,39,533,0,0,166,314,297,477,3,3,0,0,0,0,0,0
20070831,TUSCHY,5287,217,158,5907,0,0,304,91,78,394,1,1,35,108,101,139,4,7,10,11,9,21,0,0
20070901,dahl,5065,57,29,5333,0,0,502,83,67,777,0,0,147,63,57,210,0,0,56,90,82,142,4,5
20070902,dahl,5266,101,67,5770,0,0,434,112,94,546,0,0,56,56,49,112,0,0,11,27,26,38,0,0
20070903,VAN DER VELDE,4991,108,69,5502,0,0,526,215,167,741,0,0,77,60,51,137,0,0,21,65,56,86,0,0
20070904,VAN DER VELDE,4407,30,22,4840,0,0,807,259,226,1064,2,2,296,174,160,466,4,4,26,64,62,90,0,0
20070906,TUSCHY,5269,184,160,5856,0,0,289,150,138,439,0,0,85,86,82,171,0,0,0,0,0,0,0,0
20070907,TUSCHY,5513,155,116,-9999,-9999,-9999,108,204,183,-9999,-9999,-9999,30,53,51,-9999,-9999,-9999,0,0,0,-9999,-9999,-9999
20070908,dahl,5401,38,19,5842,0,0,321,166,133,486,1,1,32,105,95,137,0,0,0,0,0,0,0,0
20070917,Groenemeijer,4471,93,72,4967,0,0,903,184,157,1085,2,2,156,200,184,346,10,16,1,55,55,54,2,2
20070918,VAN DER VELDE,4803,54,30,5260,0,0,408,130,115,538,0,0,271,181,170,452,0,0,49,167,163,215,1,1
20070919,Gatzen,4930,26,14,-9999,-9999,-9999,476,22,18,-9999,-9999,-9999,408,201,177,-9999,-9999,-9999,0,0,0,-9999,-9999,-9999
20070920,Gatzen,5190,53,27,-9999,-9999,-9999,398,106,84,-9999,-9999,-9999,144,107,90,-9999,-9999,-9999,9,56,53,-9999,-9999,-9999
20070921,TUSCHY,5257,119,85,5778,1,1,373,100,86,473,0,0,70,89,86,156,3,4,11,44,42,54,1,1
20070923,TUSCHY,5219,42,30,-9999,-9999,-9999,598,105,86,-9999,-9999,-9999,47,52,49,-9999,-9999,-9999,0,0,0,-9999,-9999,-9999
20070924,Groenemeijer,5194,51,33,5647,1,1,599,90,74,688,1,1,22,107,103,129,0,0,0,0,0,0,0,0
20070925,VAN DER VELDE,5048,52,30,5503,0,0,583,187,145,768,2,2,84,109,94,192,1,1,0,0,0,0,0,0
20070926,Gatzen,4897,40,24,-9999,-9999,-9999,485,175,130,-9999,-9999,-9999,204,262,243,-9999,-9999,-9999,0,0,0,-9999,-9999,-9999
20070927,Gatzen,4532,28,15,4962,1,1,793,115,89,908,0,0,330,265,231,594,1,1,0,0,0,0,0,0
20070928,TUSCHY,5104,132,105,5638,1,2,341,112,101,449,4,4,221,128,117,346,3,3,8,17,17,25,0,0
20070929,dahl,5516,124,91,6042,1,1,273,44,33,317,0,0,86,20,17,106,0,0,0,0,0,0,0,0
20070930,dahl,4642,130,82,-9999,-9999,-9999,804,208,155,-9999,-9999,-9999,234,45,28,-9999,-9999,-9999,0,0,0,-9999,-9999,-9999
20071001,Groenemeijer,5132,35,17,5570,0,0,571,118,78,688,1,1,71,136,127,207,0,0,0,0,0,0,0,0
20071002,VAN DER VELDE,5114,117,63,5634,0,0,430,53,38,483,0,0,129,190,168,318,1,1,7,23,22,30,0,0
20071003,Gatzen,4822,70,49,5295,0,0,611,116,108,727,0,0,269,142,127,410,1,1,16,17,12,33,0,0
20071004,Gatzen,5122,40,30,5565,0,0,477,152,136,629,0,0,109,163,159,269,3,7,0,0,0,0,0,0
20071005,TUSCHY,5242,93,65,5738,0,0,408,152,141,559,1,1,87,81,73,168,0,0,0,0,0,0,0,0
20071006,dahl,4923,40,30,-9999,-9999,-9999,572,173,150,-9999,-9999,-9999,169,168,158,-9999,-9999,-9999,0,18,18,-9999,-9999,-9999
20071007,TUSCHY,4910,37,18,-9999,-9999,-9999,729,124,94,-9999,-9999,-9999,141,122,117,-9999,-9999,-9999,0,0,0,-9999,-9999,-9999
20071008,dahl,5248,58,38,-9999,-9999,-9999,558,128,105,-9999,-9999,-9999,3,68,67,-9999,-9999,-9999,0,0,0,-9999,-9999,-9999
20071009,VAN DER VELDE,5293,93,58,5789,0,0,369,137,112,505,1,1,135,36,30,171,0,0,0,0,0,0,0,0
20071010,Gatzen,5427,40,36,-9999,-9999,-9999,276,222,217,-9999,-9999,-9999,42,56,56,-9999,-9999,-9999,0,0,0,-9999,-9999,-9999
20071011,Gatzen,5121,9,2,-9999,-9999,-9999,513,240,220,-9999,-9999,-9999,89,91,87,-9999,-9999,-9999,0,0,0,-9999,-9999,-9999
20071012,dahl,5108,67,44,-9999,-9999,-9999,426,253,225,-9999,-9999,-9999,74,135,125,-9999,-9999,-9999,0,0,0,-9999,-9999,-9999
20071013,TUSCHY,5165,13,10,-9999,-9999,-9999,489,241,222,-9999,-9999,-9999,30,125,118,-9999,-9999,-9999,0,0,0,-9999,-9999,-9999
20071014,TUSCHY,5447,37,29,5887,0,0,436,121,89,556,1,1,22,0,0,22,0,0,0,0,0,0,0,0
20071015,dahl,5516,35,25,5954,0,0,281,154,129,435,0,0,39,38,30,76,1,1,0,0,0,0,0,0
20071016,TUSCHY,5444,40,30,-9999,-9999,-9999,368,197,156,-9999,-9999,-9999,0,14,14,-9999,-9999,-9999,0,0,0,-9999,-9999,-9999
20071017,Gatzen,5141,137,107,5681,0,0,577,107,95,682,2,3,101,0,0,101,0,0,0,0,0,0,0,0
20071018,Gatzen,5294,25,15,5721,1,1,374,320,275,694,0,0,14,36,36,50,0,0,0,0,0,0,0,0
20071019,TUSCHY,5338,52,31,-9999,-9999,-9999,323,184,161,-9999,-9999,-9999,117,49,43,-9999,-9999,-9999,0,0,0,-9999,-9999,-9999
20071020,DAHL,5300,27,21,5729,1,1,310,184,157,494,0,0,64,178,161,241,1,1,0,0,0,0,0,0
20071021,TUSCHY,5301,10,9,5713,1,1,156,45,44,201,0,0,163,237,230,400,0,0,76,75,65,151,0,0
20071022,TUSCHY,5166,24,18,5593,0,0,406,141,116,547,0,0,126,138,125,262,2,2,7,55,49,62,0,0
20071023,TUSCHY,5113,83,64,-9999,-9999,-9999,626,180,149,-9999,-9999,-9999,33,28,22,-9999,-9999,-9999,0,0,0,-9999,-9999,-9999
20071024,Gatzen,4969,60,37,-9999,-9999,-9999,598,192,153,-9999,-9999,-9999,207,37,32,-9999,-9999,-9999,0,0,0,-9999,-9999,-9999
20071025,Gatzen,5506,67,39,5976,0,0,156,98,77,254,0,0,154,82,69,236,0,0,0,0,0,0,0,0
20071026,TUSCHY,5493,25,18,-9999,-9999,-9999,289,108,90,-9999,-9999,-9999,82,66,55,-9999,-9999,-9999,0,0,0,-9999,-9999,-9999
20071027,TUSCHY,5705,72,54,-9999,-9999,-9999,163,123,102,-9999,-9999,-9999,0,0,0,-9999,-9999,-9999,0,0,0,-9999,-9999,-9999
20071028,Groenemeijer,5667,39,18,-9999,-9999,-9999,199,158,141,-9999,-9999,-9999,0,0,0,-9999,-9999,-9999,0,0,0,-9999,-9999,-9999
20071029,Groenemeijer,5266,32,25,-9999,-9999,-9999,422,180,142,-9999,-9999,-9999,61,102,90,-9999,-9999,-9999,0,0,0,-9999,-9999,-9999
20071030,TUSCHY,5338,56,42,-9999,-9999,-9999,378,200,184,-9999,-9999,-9999,54,37,35,-9999,-9999,-9999,0,0,0,-9999,-9999,-9999
20071031,Gatzen,5293,11,6,-9999,-9999,-9999,234,187,168,-9999,-9999,-9999,218,120,116,-9999,-9999,-9999,0,0,0,-9999,-9999,-9999
20071101,Gatzen,5326,7,1,5736,0,0,343,130,106,473,0,0,113,144,130,257,0,0,0,0,0,0,0,0
20071102,TUSCHY,5390,14,7,-9999,-9999,-9999,471,188,163,-9999,-9999,-9999,0,0,0,-9999,-9999,-9999,0,0,0,-9999,-9999,-9999
20071103,dahl,5581,9,6,-9999,-9999,-9999,249,104,91,-9999,-9999,-9999,76,44,37,-9999,-9999,-9999,0,0,0,-9999,-9999,-9999
20071104,dahl,5372,10,4,-9999,-9999,-9999,296,107,83,-9999,-9999,-9999,120,158,145,-9999,-9999,-9999,0,0,0,-9999,-9999,-9999
20071105,Groenemeijer,5555,5,3,5962,1,1,286,65,62,351,0,0,60,67,59,127,0,0,9,16,15,25,0,0
20071106,TUSCHY,5593,57,40,6051,2,2,325,88,71,411,2,2,0,0,0,0,0,0,0,0,0,0,0,0
20071107,TUSCHY,5827,55,37,6285,0,0,123,58,40,180,1,1,0,0,0,0,0,0,0,0,0,0,0,0
20071108,Gatzen,5753,72,40,6220,8,10,185,53,48,237,1,1,0,0,0,0,0,0,0,0,0,0,0,0
20071109,TUSCHY,4925,118,88,5446,0,0,737,137,115,871,3,3,102,44,38,144,2,2,0,0,0,0,0,0
20071110,dahl,5595,35,21,-9999,-9999,-9999,115,47,34,-9999,-9999,-9999,167,104,93,-9999,-9999,-9999,0,0,0,-9999,-9999,-9999
20071111,dahl,5642,88,53,6131,2,2,269,64,43,331,2,2,0,0,0,0,0,0,0,0,0,0,0,0
20071112,dahl,5626,76,45,-9999,-9999,-9999,214,84,60,-9999,-9999,-9999,20,43,39,-9999,-9999,-9999,0,0,0,-9999,-9999,-9999
20071113,VAN DER VELDE,5629,60,39,-9999,-9999,-9999,228,94,63,-9999,-9999,-9999,52,0,0,-9999,-9999,-9999,0,0,0,-9999,-9999,-9999
20071114,Gatzen,5481,149,122,-9999,-9999,-9999,160,225,207,-9999,-9999,-9999,22,26,25,-9999,-9999,-9999,0,0,0,-9999,-9999,-9999
20071115,Gatzen,5485,134,95,-9999,-9999,-9999,159,173,144,-9999,-9999,-9999,37,75,70,-9999,-9999,-9999,0,0,0,-9999,-9999,-9999
20071116,TUSCHY,5387,16,13,5806,0,0,236,170,161,405,1,1,47,207,199,254,0,0,0,0,0,0,0,0
20071117,dahl,5365,4,4,5772,0,0,120,16,16,136,0,0,175,212,210,386,1,1,24,147,147,168,3,3
20071118,dahl,5297,1,0,-9999,-9999,-9999,404,95,92,-9999,-9999,-9999,66,200,189,-9999,-9999,-9999,0,0,0,-9999,-9999,-9999
20071119,Groenemeijer,5585,18,18,-9999,-9999,-9999,236,193,192,-9999,-9999,-9999,18,13,13,-9999,-9999,-9999,0,0,0,-9999,-9999,-9999
20071121,Gatzen,5382,5,2,-9999,-9999,-9999,485,191,133,-9999,-9999,-9999,0,0,0,-9999,-9999,-9999,0,0,0,-9999,-9999,-9999
20071122,Gatzen,5477,46,33,-9999,-9999,-9999,387,153,96,-9999,-9999,-9999,0,0,0,-9999,-9999,-9999,0,0,0,-9999,-9999,-9999
20071123,TUSCHY,5470,45,32,-9999,-9999,-9999,372,143,112,-9999,-9999,-9999,6,27,26,-9999,-9999,-9999,0,0,0,-9999,-9999,-9999
20071124,TUSCHY,5571,54,30,-9999,-9999,-9999,262,176,148,-9999,-9999,-9999,0,0,0,-9999,-9999,-9999,0,0,0,-9999,-9999,-9999
20071125,dahl,5464,38,19,-9999,-9999,-9999,236,45,35,-9999,-9999,-9999,212,68,59,-9999,-9999,-9999,0,0,0,-9999,-9999,-9999
20071126,Groenemeijer,5736,42,17,-9999,-9999,-9999,178,78,65,-9999,-9999,-9999,6,23,22,-9999,-9999,-9999,0,0,0,-9999,-9999,-9999
20071128,Gatzen,5699,28,15,-9999,-9999,-9999,114,138,125,-9999,-9999,-9999,7,77,76,-9999,-9999,-9999,0,0,0,-9999,-9999,-9999
20071130,TUSCHY,5338,164,133,5905,0,0,247,110,98,357,0,0,201,3,1,204,0,0,0,0,0,0,0,0
20071201,dahl,5121,51,28,5575,0,0,679,116,80,794,1,2,74,22,14,96,0,0,0,0,0,0,0,0
20071202,dahl,5522,15,4,5929,11,11,207,7,3,206,8,9,297,15,5,303,9,12,0,0,0,0,0,0
20071203,Groenemeijer,5630,131,76,6152,12,13,178,30,21,208,0,0,52,42,30,94,0,0,0,0,0,0,0,0
20071205,Gatzen,5104,18,5,-9999,-9999,-9999,683,157,138,-9999,-9999,-9999,89,12,8,-9999,-9999,-9999,0,0,0,-9999,-9999,-9999
20071206,Gatzen,5521,10,1,-9999,-9999,-9999,277,30,24,-9999,-9999,-9999,222,3,2,-9999,-9999,-9999,0,0,0,-9999,-9999,-9999
20071207,Groenemeijer,5565,57,36,-9999,-9999,-9999,333,42,29,-9999,-9999,-9999,47,19,12,-9999,-9999,-9999,0,0,0,-9999,-9999,-9999
20071208,dahl,5369,20,7,-9999,-9999,-9999,387,101,72,-9999,-9999,-9999,85,101,89,-9999,-9999,-9999,0,0,0,-9999,-9999,-9999
20071209,dahl,5014,59,35,-9999,-9999,-9999,242,115,99,-9999,-9999,-9999,437,196,166,-9999,-9999,-9999,0,0,0,-9999,-9999,-9999
