1948 -99.90 -99.90 -99.90 -99.90 -99.90 -99.90 -99.90 -99.90 -99.90 -99.90 -99.90 -99.90
1949 -99.90 -99.90 -99.90 -99.90 -99.90 -99.90 -99.90 -99.90 -99.90 -99.90 -99.90 -99.90
1950   -1.062  -1.162  -1.312  -1.104  -1.433  -1.391  -1.296  -1.053  -0.634  -0.433  -1.165  -1.261
1951    -1.07  -1.189  -1.222  -0.523   -0.36   0.349   0.666   0.829   0.743   0.736   0.703   0.478
1952    0.419   0.136   0.063    0.22  -0.309  -0.723  -0.316  -0.378   0.313   0.275  -0.349  -0.124
1953     0.03   0.385   0.256   0.682   0.784   0.218   0.368   0.213   0.501   0.093   0.075   0.324
1954   -0.051  -0.032   0.162  -0.567  -1.416  -1.564  -1.378  -1.471  -1.166  -1.348   -1.14  -1.113
1955   -0.762  -0.698  -1.152  -1.634  -1.642  -2.243  -1.998  -2.073  -1.823  -1.753  -1.841  -1.877
1956   -1.437  -1.323  -1.413  -1.132  -1.317  -1.502  -1.259  -1.131  -1.359  -1.486  -1.038  -1.022
1957   -0.941  -0.364   0.134   0.353   0.866   0.769   0.908   1.148   1.125   1.083   1.148   1.248
1958    1.472   1.442    1.32   1.013   0.719   0.864   0.693   0.427   0.188   0.213   0.486   0.671
1959    0.548   0.788   0.496   0.197   0.013  -0.018  -0.134   0.114   0.105   -0.06   -0.17  -0.261
1960   -0.299  -0.257  -0.094  -0.019  -0.335  -0.254   -0.34  -0.251  -0.465  -0.355  -0.331  -0.417
1961   -0.163  -0.261  -0.097       0  -0.288  -0.137  -0.216  -0.304  -0.301  -0.539  -0.436  -0.634
1962   -1.087  -0.988  -0.724  -1.039   -0.91  -0.852  -0.701  -0.543  -0.551   -0.67  -0.623  -0.505
1963   -0.739  -0.861   -0.69  -0.792  -0.477  -0.087   0.401   0.597    0.75   0.814   0.844   0.744
1964    0.874   0.465  -0.269  -0.563  -1.242  -1.115  -1.405  -1.503  -1.311  -1.225  -1.239  -0.936
1965   -0.557  -0.349  -0.276   0.053    0.49   0.915    1.36   1.443   1.406   1.219   1.362   1.252
1966    1.306   1.178   0.678   0.528  -0.152  -0.168  -0.136   0.155  -0.085  -0.044   0.004  -0.199
1967   -0.473  -0.924  -1.068  -1.059  -0.455  -0.266  -0.521  -0.395  -0.621  -0.683  -0.426  -0.378
1968   -0.619   -0.74  -0.629  -0.965  -1.095  -0.771  -0.527  -0.102    0.22   0.435   0.586   0.347
1969    0.664   0.844   0.452   0.623   0.696    0.82   0.467   0.218   0.177   0.511   0.666   0.398
1970    0.372   0.411   0.215  -0.023  -0.126  -0.659  -1.089  -1.016  -1.252  -1.088  -1.084  -1.223
1971   -1.223  -1.521  -1.807  -1.888  -1.464  -1.448   -1.23  -1.225   -1.46  -1.421  -1.329  -0.993
1972   -0.596  -0.422  -0.262  -0.196   0.464   1.069   1.827   1.821   1.558   1.643   1.726   1.766
1973    1.726   1.497   0.845   0.481  -0.106  -0.769  -1.081  -1.347  -1.727  -1.667  -1.503  -1.848
1974   -1.939  -1.793   -1.76  -1.673  -1.077   -0.67  -0.769  -0.671  -0.627  -1.052  -1.251  -0.905
1975   -0.538  -0.597  -0.884  -0.963  -0.863   -1.15  -1.519   -1.73  -1.874  -1.987  -1.773  -1.757
1976    -1.61  -1.394  -1.246  -1.184  -0.496   0.307   0.615   0.664   1.038   0.946   0.493    0.55
1977    0.521   0.271   0.131   0.539   0.326   0.451   0.866   0.695     0.8   0.986   0.975    0.86
1978    0.773   0.893   0.936   0.191  -0.388  -0.579  -0.433    -0.2  -0.389   -0.02   0.186   0.388
1979      0.6   0.361  -0.015   0.283    0.38   0.423   0.369   0.625   0.786   0.678   0.746   0.989
1980    0.672   0.589    0.69   0.907   0.961   0.907   0.749   0.336   0.281   0.201   0.251   0.089
1981   -0.262  -0.163   0.457   0.669   0.161  -0.019  -0.048  -0.088   0.187   0.112  -0.038  -0.141
1982    -0.27  -0.138   0.106  -0.009   0.429   0.944   1.604   1.799   1.811   2.024   2.428   2.411
1983    2.683   2.909   3.011   2.824   2.542    2.24   1.763   1.178   0.497   0.038  -0.132  -0.188
1984    -0.33  -0.533   0.143   0.347   0.131  -0.079  -0.084  -0.154  -0.106   0.001  -0.352  -0.603
1985   -0.561  -0.594  -0.718  -0.481  -0.707  -0.133  -0.143  -0.367  -0.526  -0.139  -0.059  -0.293
1986   -0.301  -0.196    0.04   -0.11    0.35   0.306   0.383   0.775   1.088   0.979   0.873    1.19
1987     1.25   1.192   1.719   1.866    2.14   1.964   1.859   1.999   1.894   1.647   1.271   1.282
1988    1.119   0.697   0.487   0.353   0.119  -0.622  -1.145  -1.303  -1.506  -1.326  -1.468  -1.328
1989    -1.12  -1.271  -1.037  -0.795  -0.435  -0.253  -0.459  -0.497  -0.311  -0.341  -0.073   0.115
1990    0.237   0.555   0.945   0.442   0.637   0.484    0.12   0.131   0.378   0.285   0.389   0.348
1991    0.313   0.313   0.405   0.463   0.759     1.1   1.023   1.024    0.76   1.009   1.189    1.32
1992    1.743   1.864   1.993   2.275   2.129   1.748   1.018    0.57   0.497   0.641   0.582   0.648
1993    0.687   0.979    0.99   1.409   1.998   1.591    1.17   1.042   0.992   1.069   0.834   0.589
1994    0.353   0.197   0.174   0.465   0.573   0.788    0.88   0.773   0.908   1.407   1.299   1.237
1995     1.22   0.961   0.879   0.466   0.563   0.508   0.207  -0.143  -0.426  -0.477  -0.478  -0.554
1996   -0.612  -0.581  -0.227   -0.42  -0.127   0.068  -0.204  -0.374  -0.437  -0.349  -0.146  -0.336
1997    -0.49  -0.595  -0.222   0.535   1.165   2.292   2.805    3.04   3.044   2.401   2.542   2.335
1998    2.466   2.792   2.768   2.685   2.212   1.292   0.347  -0.331    -0.6  -0.798  -1.086  -0.922
1999   -1.053  -1.176  -1.019  -0.982   -0.66  -0.361  -0.507  -0.745  -0.953  -0.973   -1.05  -1.161
2000   -1.139  -1.207  -1.112  -0.479   0.169  -0.053  -0.184  -0.145  -0.227  -0.387  -0.714  -0.566
2001   -0.505  -0.669  -0.571  -0.091   0.233   0.006    0.27   0.338  -0.165  -0.275  -0.153   0.019
2002    0.009  -0.176  -0.137   0.401   0.851   0.913   0.685   1.017   0.908       1    1.09   1.145
2003    1.218   0.937   0.831   0.365   0.111   0.097   0.144   0.316   0.477   0.516    0.57   0.351
2004    0.327   0.356  -0.056   0.285   0.539   0.267   0.541   0.627   0.572   0.508   0.805   0.667
2005     0.32    0.81   1.055   0.642   0.836   0.585    0.49   0.352   0.315  -0.167  -0.392   -0.57
2006   -0.438  -0.411  -0.533  -0.621   0.008    0.53   0.691   0.759   0.823   0.955   1.286   0.951
2007    0.985   0.542   0.112   0.015   0.247  -0.215  -0.288  -0.441  -1.181  -1.217  -1.165  -1.193
2008    -1.02  -1.355  -1.583  -0.874  -0.368   0.133   0.054  -0.266  -0.551  -0.692  -0.597  -0.663
2009   -0.726  -0.677  -0.678  -0.109   0.361   0.819   1.035   1.067   0.735   0.909   1.121   1.045
2010    1.067   1.521   1.427    0.95   0.643  -0.325  -1.156  -1.683  -1.868  -1.899   -1.49  -1.577
2011   -1.739   -1.53  -1.511  -1.392  -0.288  -0.075  -0.228  -0.519  -0.769  -0.933  -0.949  -0.957
2012   -0.993  -0.665  -0.377   0.127   0.747   0.835   1.098   0.619   0.339   0.081   0.125   0.094
2013    0.096  -0.119  -0.128   0.069   0.146  -0.168  -0.355   -0.48  -0.133    0.13  -0.053  -0.248
2014   -0.275  -0.241   0.032   0.248   0.976    0.98   0.882   0.954   0.585   0.438   0.763   0.558
2015     0.42   0.468    0.67    0.97   1.584   2.045   1.948   2.366    2.53   2.241   2.297   2.112
2016    2.227   2.121    1.96    2.07   1.699   1.001   0.312   0.175  -0.101  -0.379  -0.212  -0.121
