1.0 0.0
2.0 1.0
3.0 7.0
4.0 2.0
5.0 5.0
6.0 8.0
7.0 16.0
8.0 3.0
9.0 19.0
10.0 6.0
11.0 14.0
12.0 9.0
13.0 9.0
14.0 17.0
15.0 17.0
16.0 4.0
17.0 12.0
18.0 20.0
19.0 20.0
20.0 7.0
21.0 7.0
22.0 15.0
23.0 15.0
24.0 10.0
25.0 23.0
26.0 10.0
27.0 111.0
28.0 18.0
29.0 18.0
30.0 18.0
31.0 106.0
32.0 5.0
33.0 26.0
34.0 13.0
35.0 13.0
36.0 21.0
37.0 21.0
38.0 21.0
39.0 34.0
40.0 8.0
41.0 109.0
42.0 8.0
43.0 29.0
44.0 16.0
45.0 16.0
46.0 16.0
47.0 104.0
48.0 11.0
49.0 24.0
50.0 24.0
51.0 24.0
52.0 11.0
53.0 11.0
54.0 112.0
55.0 112.0
56.0 19.0
57.0 32.0
58.0 19.0
59.0 32.0
60.0 19.0
61.0 19.0
62.0 107.0
63.0 107.0
64.0 6.0
65.0 27.0
66.0 27.0
67.0 27.0
68.0 14.0
69.0 14.0
70.0 14.0
71.0 102.0
72.0 22.0
73.0 115.0
74.0 22.0
75.0 14.0
76.0 22.0
77.0 22.0
78.0 35.0
79.0 35.0
80.0 9.0
81.0 22.0
82.0 110.0
83.0 110.0
84.0 9.0
85.0 9.0
86.0 30.0
87.0 30.0
88.0 17.0
89.0 30.0
90.0 17.0
91.0 92.0
92.0 17.0
93.0 17.0
94.0 105.0
95.0 105.0
96.0 12.0
97.0 118.0
98.0 25.0
99.0 25.0
100.0 25.0
101.0 25.0
102.0 25.0
103.0 87.0
104.0 12.0
105.0 38.0
106.0 12.0
107.0 100.0
108.0 113.0
109.0 113.0
110.0 113.0
111.0 69.0
112.0 20.0
113.0 12.0
114.0 33.0
115.0 33.0
116.0 20.0
117.0 20.0
118.0 33.0
119.0 33.0
120.0 20.0
121.0 95.0
122.0 20.0
123.0 46.0
124.0 108.0
125.0 108.0
126.0 108.0
127.0 46.0
128.0 7.0
129.0 121.0
130.0 28.0
131.0 28.0
132.0 28.0
133.0 28.0
134.0 28.0
135.0 41.0
136.0 15.0
137.0 90.0
138.0 15.0
139.0 41.0
140.0 15.0
141.0 15.0
142.0 103.0
143.0 103.0
144.0 23.0
145.0 116.0
146.0 116.0
147.0 116.0
148.0 23.0
149.0 23.0
150.0 15.0
151.0 15.0
152.0 23.0
153.0 36.0
154.0 23.0
155.0 85.0
156.0 36.0
157.0 36.0
158.0 36.0
159.0 54.0
160.0 10.0
161.0 98.0
162.0 23.0
163.0 23.0
164.0 111.0
165.0 111.0
166.0 111.0
167.0 67.0
168.0 10.0
169.0 49.0
170.0 10.0
171.0 124.0
172.0 31.0
173.0 31.0
174.0 31.0
175.0 80.0
176.0 18.0
177.0 31.0
178.0 31.0
179.0 31.0
180.0 18.0
181.0 18.0
182.0 93.0
183.0 93.0
184.0 18.0
185.0 44.0
186.0 18.0
187.0 44.0
188.0 106.0
189.0 106.0
190.0 106.0
191.0 44.0
192.0 13.0
193.0 119.0
194.0 119.0
195.0 119.0
196.0 26.0
197.0 26.0
198.0 26.0
199.0 119.0
200.0 26.0
201.0 18.0
202.0 26.0
203.0 39.0
204.0 26.0
205.0 26.0
206.0 88.0
207.0 88.0
208.0 13.0
209.0 39.0
210.0 39.0
211.0 39.0
212.0 13.0
213.0 13.0
214.0 101.0
215.0 101.0
216.0 114.0
217.0 26.0
218.0 114.0
219.0 52.0
220.0 114.0
221.0 114.0
222.0 70.0
223.0 70.0
224.0 21.0
225.0 52.0
226.0 13.0
227.0 13.0
228.0 34.0
229.0 34.0
230.0 34.0
231.0 127.0
232.0 21.0
233.0 83.0
234.0 21.0
235.0 127.0
236.0 34.0
237.0 34.0
238.0 34.0
239.0 52.0
240.0 21.0
241.0 21.0
242.0 96.0
243.0 96.0
244.0 21.0
245.0 21.0
246.0 47.0
247.0 47.0
248.0 109.0
249.0 47.0
250.0 109.0
251.0 65.0
252.0 109.0
253.0 109.0
254.0 47.0
255.0 47.0
256.0 8.0
257.0 122.0
258.0 122.0
259.0 122.0
260.0 29.0
261.0 29.0
262.0 29.0
263.0 78.0
264.0 29.0
265.0 122.0
266.0 29.0
267.0 21.0
268.0 29.0
269.0 29.0
270.0 42.0
271.0 42.0
272.0 16.0
273.0 29.0
274.0 91.0
275.0 91.0
276.0 16.0
277.0 16.0
278.0 42.0
279.0 42.0
280.0 16.0
281.0 42.0
282.0 16.0
283.0 60.0
284.0 104.0
285.0 104.0
286.0 104.0
287.0 42.0
288.0 24.0
289.0 29.0
290.0 117.0
291.0 117.0
292.0 117.0
293.0 117.0
294.0 117.0
295.0 55.0
296.0 24.0
297.0 73.0
298.0 24.0
299.0 117.0
300.0 16.0
301.0 16.0
302.0 16.0
303.0 42.0
304.0 24.0
305.0 37.0
306.0 37.0
307.0 37.0
308.0 24.0
309.0 24.0
310.0 86.0
311.0 86.0
312.0 37.0
313.0 130.0
314.0 37.0
315.0 37.0
316.0 37.0
317.0 37.0
318.0 55.0
319.0 55.0
320.0 11.0
321.0 24.0
322.0 99.0
323.0 99.0
324.0 24.0
325.0 24.0
326.0 24.0
327.0 143.0
328.0 112.0
329.0 50.0
330.0 112.0
331.0 24.0
332.0 112.0
333.0 112.0
334.0 68.0
335.0 68.0
336.0 11.0
337.0 112.0
338.0 50.0
339.0 50.0
340.0 11.0
341.0 11.0
342.0 125.0
343.0 125.0
344.0 32.0
345.0 125.0
346.0 32.0
347.0 125.0
348.0 32.0
349.0 32.0
350.0 81.0
351.0 81.0
352.0 19.0
353.0 125.0
354.0 32.0
355.0 32.0
356.0 32.0
357.0 32.0
358.0 32.0
359.0 50.0
360.0 19.0
361.0 45.0
362.0 19.0
363.0 45.0
364.0 94.0
365.0 94.0
366.0 94.0
367.0 45.0
368.0 19.0
369.0 19.0
370.0 45.0
371.0 45.0
372.0 19.0
373.0 19.0
374.0 45.0
375.0 45.0
376.0 107.0
377.0 63.0
378.0 107.0
379.0 58.0
380.0 107.0
381.0 107.0
382.0 45.0
383.0 45.0
384.0 14.0
385.0 32.0
386.0 120.0
387.0 120.0
388.0 120.0
389.0 120.0
390.0 120.0
391.0 120.0
392.0 27.0
393.0 58.0
394.0 27.0
395.0 76.0
396.0 27.0
397.0 27.0
398.0 120.0
399.0 120.0
400.0 27.0
401.0 19.0
402.0 19.0
403.0 19.0
404.0 27.0
405.0 27.0
406.0 40.0
407.0 40.0
408.0 27.0
409.0 40.0
410.0 27.0
411.0 133.0
412.0 89.0
413.0 89.0
414.0 89.0
415.0 133.0
416.0 14.0
417.0 133.0
418.0 40.0
419.0 40.0
420.0 40.0
421.0 40.0
422.0 40.0
423.0 32.0
424.0 14.0
425.0 58.0
426.0 14.0
427.0 53.0
428.0 102.0
429.0 102.0
430.0 102.0
431.0 40.0
432.0 115.0
433.0 27.0
434.0 27.0
435.0 27.0
436.0 115.0
437.0 115.0
438.0 53.0
439.0 53.0
440.0 115.0
441.0 27.0
442.0 115.0
443.0 53.0
444.0 71.0
445.0 71.0
446.0 71.0
447.0 97.0
448.0 22.0
449.0 115.0
450.0 53.0
451.0 53.0
452.0 14.0
453.0 14.0
454.0 14.0
455.0 40.0
456.0 35.0
457.0 128.0
458.0 35.0
459.0 128.0
460.0 35.0
461.0 35.0
462.0 128.0
463.0 128.0
464.0 22.0
465.0 35.0
466.0 84.0
467.0 84.0
468.0 22.0
469.0 22.0
470.0 128.0
471.0 128.0
472.0 35.0
473.0 35.0
474.0 35.0
475.0 27.0
476.0 35.0
477.0 35.0
478.0 53.0
479.0 53.0
480.0 22.0
481.0 48.0
482.0 22.0
483.0 22.0
484.0 97.0
485.0 97.0
486.0 97.0
487.0 141.0
488.0 22.0
489.0 48.0
490.0 22.0
491.0 141.0
492.0 48.0
493.0 48.0
494.0 48.0
495.0 97.0
496.0 110.0
497.0 22.0
498.0 48.0
499.0 48.0
500.0 110.0
501.0 110.0
502.0 66.0
503.0 66.0
504.0 110.0
505.0 61.0
506.0 110.0
507.0 35.0
508.0 48.0
509.0 48.0
510.0 48.0
511.0 61.0
512.0 9.0
513.0 35.0
514.0 123.0
515.0 123.0
516.0 123.0
517.0 123.0
518.0 123.0
519.0 61.0
520.0 30.0
521.0 123.0
522.0 30.0
523.0 123.0
524.0 30.0
525.0 30.0
526.0 79.0
527.0 79.0
528.0 30.0
529.0 30.0
530.0 123.0
531.0 123.0
532.0 30.0
533.0 30.0
534.0 22.0
535.0 22.0
536.0 30.0
537.0 22.0
538.0 30.0
539.0 48.0
540.0 43.0
541.0 43.0
542.0 43.0
543.0 136.0
544.0 17.0
545.0 43.0
546.0 30.0
547.0 30.0
548.0 92.0
549.0 92.0
550.0 92.0
551.0 43.0
552.0 17.0
553.0 136.0
554.0 17.0
555.0 30.0
556.0 43.0
557.0 43.0
558.0 43.0
559.0 87.0
560.0 17.0
561.0 43.0
562.0 43.0
563.0 43.0
564.0 17.0
565.0 17.0
566.0 61.0
567.0 61.0
568.0 105.0
569.0 56.0
570.0 105.0
571.0 30.0
572.0 105.0
573.0 105.0
574.0 43.0
575.0 43.0
576.0 25.0
577.0 30.0
578.0 30.0
579.0 30.0
580.0 118.0
581.0 118.0
582.0 118.0
583.0 30.0
584.0 118.0
585.0 56.0
586.0 118.0
587.0 118.0
588.0 118.0
589.0 118.0
590.0 56.0
591.0 56.0
592.0 25.0
593.0 74.0
594.0 74.0
595.0 74.0
596.0 25.0
597.0 25.0
598.0 118.0
599.0 118.0
600.0 17.0
601.0 56.0
602.0 17.0
603.0 69.0
604.0 17.0
605.0 17.0
606.0 43.0
607.0 43.0
608.0 25.0
609.0 131.0
610.0 38.0
611.0 38.0
612.0 38.0
613.0 38.0
614.0 38.0
615.0 69.0
616.0 25.0
617.0 131.0
618.0 25.0
619.0 131.0
620.0 87.0
621.0 87.0
622.0 87.0
623.0 131.0
624.0 38.0
625.0 25.0
626.0 131.0
627.0 131.0
628.0 38.0
629.0 38.0
630.0 38.0
631.0 38.0
632.0 38.0
633.0 30.0
634.0 38.0
635.0 30.0
636.0 56.0
637.0 56.0
638.0 56.0
639.0 131.0
640.0 12.0
641.0 51.0
642.0 25.0
643.0 25.0
644.0 100.0
645.0 100.0
646.0 100.0
647.0 38.0
648.0 25.0
649.0 144.0
650.0 25.0
651.0 100.0
652.0 25.0
653.0 25.0
654.0 144.0
655.0 144.0
656.0 113.0
657.0 51.0
658.0 51.0
659.0 51.0
660.0 113.0
661.0 113.0
662.0 25.0
663.0 25.0
664.0 113.0
665.0 51.0
666.0 113.0
667.0 144.0
668.0 69.0
669.0 69.0
670.0 69.0
671.0 95.0
672.0 12.0
673.0 64.0
674.0 113.0
675.0 113.0
676.0 51.0
677.0 51.0
678.0 51.0
679.0 64.0
680.0 12.0
681.0 64.0
682.0 12.0
683.0 38.0
684.0 126.0
685.0 126.0
686.0 126.0
687.0 38.0
688.0 33.0
689.0 126.0
690.0 126.0
691.0 126.0
692.0 33.0
693.0 33.0
694.0 126.0
695.0 126.0
696.0 33.0
697.0 126.0
698.0 33.0
699.0 64.0
700.0 82.0
701.0 82.0
702.0 82.0
703.0 170.0
704.0 20.0
705.0 33.0
706.0 126.0
707.0 126.0
708.0 33.0
709.0 33.0
710.0 33.0
711.0 64.0
712.0 33.0
713.0 25.0
714.0 33.0
715.0 25.0
716.0 33.0
717.0 33.0
718.0 51.0
719.0 51.0
720.0 20.0
721.0 46.0
722.0 46.0
723.0 46.0
724.0 20.0
725.0 20.0
726.0 46.0
727.0 46.0
728.0 95.0
729.0 33.0
730.0 95.0
731.0 139.0
732.0 95.0
733.0 95.0
734.0 46.0
735.0 46.0
736.0 20.0
737.0 139.0
738.0 20.0
739.0 20.0
740.0 46.0
741.0 46.0
742.0 46.0
743.0 95.0
744.0 20.0
745.0 90.0
746.0 20.0
747.0 46.0
748.0 46.0
749.0 46.0
750.0 46.0
751.0 139.0
752.0 108.0
753.0 20.0
754.0 64.0
755.0 64.0
756.0 108.0
757.0 108.0
758.0 59.0
759.0 59.0
760.0 108.0
761.0 33.0
762.0 108.0
763.0 152.0
764.0 46.0
765.0 46.0
766.0 46.0
767.0 59.0
768.0 15.0
769.0 33.0
770.0 33.0
771.0 33.0
772.0 121.0
773.0 121.0
774.0 121.0
775.0 152.0
776.0 121.0
777.0 33.0
778.0 121.0
779.0 59.0
780.0 121.0
781.0 121.0
782.0 121.0
783.0 121.0
784.0 28.0
785.0 121.0
786.0 59.0
787.0 59.0
788.0 28.0
789.0 28.0
790.0 77.0
791.0 77.0
792.0 28.0
793.0 77.0
794.0 28.0
795.0 103.0
796.0 121.0
797.0 121.0
798.0 121.0
799.0 72.0
800.0 28.0
801.0 59.0
802.0 20.0
803.0 20.0
804.0 20.0
805.0 20.0
806.0 20.0
807.0 72.0
808.0 28.0
809.0 46.0
810.0 28.0
811.0 134.0
812.0 41.0
813.0 41.0
814.0 41.0
815.0 134.0
816.0 28.0
817.0 41.0
818.0 41.0
819.0 41.0
820.0 28.0
821.0 28.0
822.0 134.0
823.0 134.0
824.0 90.0
825.0 134.0
826.0 90.0
827.0 41.0
828.0 90.0
829.0 90.0
830.0 134.0
831.0 134.0
832.0 15.0
833.0 28.0
834.0 134.0
835.0 134.0
836.0 41.0
837.0 41.0
838.0 41.0
839.0 85.0
840.0 41.0
841.0 41.0
842.0 41.0
843.0 41.0
844.0 41.0
845.0 41.0
846.0 33.0
847.0 33.0
848.0 15.0
849.0 59.0
850.0 59.0
851.0 59.0
852.0 15.0
853.0 15.0
854.0 54.0
855.0 54.0
856.0 103.0
857.0 28.0
858.0 103.0
859.0 147.0
860.0 103.0
861.0 103.0
862.0 41.0
863.0 41.0
864.0 116.0
865.0 147.0
866.0 28.0
867.0 28.0
868.0 28.0
869.0 28.0
870.0 28.0
871.0 178.0
872.0 116.0
873.0 147.0
874.0 116.0
875.0 28.0
876.0 54.0
877.0 54.0
878.0 54.0
879.0 147.0
880.0 116.0
881.0 116.0
882.0 28.0
883.0 28.0
884.0 116.0
885.0 116.0
886.0 54.0
887.0 54.0
888.0 72.0
889.0 147.0
890.0 72.0
891.0 46.0
892.0 72.0
893.0 72.0
894.0 98.0
895.0 98.0
896.0 23.0
897.0 67.0
898.0 116.0
899.0 116.0
900.0 54.0
901.0 54.0
902.0 54.0
903.0 116.0
904.0 15.0
905.0 67.0
906.0 15.0
907.0 54.0
908.0 15.0
909.0 15.0
910.0 41.0
911.0 41.0
912.0 36.0
913.0 129.0
914.0 129.0
915.0 129.0
916.0 36.0
917.0 36.0
918.0 129.0
919.0 129.0
920.0 36.0
921.0 129.0
922.0 36.0
923.0 67.0
924.0 129.0
925.0 129.0
926.0 129.0
927.0 116.0
928.0 23.0
929.0 129.0
930.0 36.0
931.0 36.0
932.0 85.0
933.0 85.0
934.0 85.0
935.0 129.0
936.0 23.0
937.0 173.0
938.0 23.0
939.0 85.0
940.0 129.0
941.0 129.0
942.0 129.0
943.0 36.0
944.0 36.0
945.0 36.0
946.0 36.0
947.0 36.0
948.0 36.0
949.0 36.0
950.0 28.0
951.0 28.0
952.0 36.0
953.0 28.0
954.0 36.0
955.0 28.0
956.0 54.0
957.0 54.0
958.0 54.0
959.0 129.0
960.0 23.0
961.0 49.0
962.0 49.0
963.0 49.0
964.0 23.0
965.0 23.0
966.0 23.0
967.0 142.0
968.0 98.0
969.0 49.0
970.0 98.0
971.0 36.0
972.0 98.0
973.0 98.0
974.0 142.0
975.0 142.0
976.0 23.0
977.0 98.0
978.0 49.0
979.0 49.0
980.0 23.0
981.0 23.0
982.0 142.0
983.0 142.0
984.0 49.0
985.0 23.0
986.0 49.0
987.0 36.0
988.0 49.0
989.0 49.0
990.0 98.0
991.0 98.0
992.0 111.0
993.0 93.0
994.0 23.0
995.0 23.0
996.0 49.0
997.0 49.0
998.0 49.0
999.0 49.0
1000.0 111.0
